trial angleIni angleLandmark direction durationRampingIni durationFinal sizeLandmark radiusLandmark durationRampingFinal durationIni same radius duration durationRampingLand freq size response
1 142.324319617 248.96716028 1 90.0 120.0 3.0 6.5 90.0 120.0 True 4.0 180.0 120.0 2.0 3.0 right
2 242.542033464 217.594395915 1 90.0 120.0 3.0 6.5 90.0 120.0 False 4.0 180.0 120.0 0.75 3.0 left
3 98.9546284647 249.632703439 -1 90.0 120.0 3.0 6.5 90.0 120.0 False 4.0 180.0 120.0 1.5 3.0 left
4 264.845154716 168.303413205 1 90.0 120.0 3.0 6.5 90.0 120.0 True 4.0 180.0 120.0 0.75 3.0 right
5 219.623274369 203.74637261 -1 90.0 120.0 3.0 6.5 90.0 120.0 False 4.0 180.0 120.0 1.75 3.0 left
6 81.3696213578 276.114705228 -1 90.0 120.0 3.0 6.5 90.0 120.0 True 4.0 180.0 120.0 1.5 3.0 right
7 280.748201585 321.776591354 1 90.0 120.0 3.0 6.5 90.0 120.0 True 4.0 180.0 120.0 1.75 3.0 right
8 158.737623528 264.678500618 1 90.0 120.0 3.0 6.5 90.0 120.0 True 4.0 180.0 120.0 2.75 3.0 right
9 165.976367333 173.296325868 1 90.0 120.0 3.0 6.5 90.0 120.0 False 4.0 180.0 120.0 1.0 3.0 left
10 293.775157482 308.109613424 -1 90.0 120.0 3.0 6.5 90.0 120.0 False 4.0 180.0 120.0 2.0 3.0 left
11 120.432539608 305.514283812 -1 90.0 120.0 3.0 6.5 90.0 120.0 False 4.0 180.0 120.0 2.75 3.0 right
12 19.7946258665 144.075563718 1 90.0 120.0 3.0 6.5 90.0 120.0 False 4.0 180.0 120.0 1.25 3.0 left
13 86.6141812597 12.0676952916 1 90.0 120.0 3.0 6.5 90.0 120.0 False 4.0 180.0 120.0 2.75 3.0 right
14 332.093469649 81.3807331033 -1 90.0 120.0 3.0 6.5 90.0 120.0 True 4.0 180.0 120.0 1.0 3.0 right
15 82.4137449057 355.369610648 -1 90.0 120.0 3.0 6.5 90.0 120.0 False 4.0 180.0 120.0 1.0 3.0 left
16 60.9891822132 219.794895201 1 90.0 120.0 3.0 6.5 90.0 120.0 True 4.0 180.0 120.0 1.5 3.0 right
17 180.285691728 284.126937121 1 90.0 120.0 3.0 6.5 90.0 120.0 False 4.0 180.0 120.0 2.25 3.0 left
18 92.7391844865 60.6987789495 1 90.0 120.0 3.0 6.5 90.0 120.0 True 4.0 180.0 120.0 2.25 3.0 left
19 224.486355898 254.827833567 -1 90.0 120.0 3.0 6.5 90.0 120.0 True 4.0 180.0 120.0 2.75 3.0 right
20 207.509094055 74.1378187027 -1 90.0 120.0 3.0 6.5 90.0 120.0 False 4.0 180.0 120.0 2.5 3.0 right
21 294.820944503 5.23931302378 1 90.0 120.0 3.0 6.5 90.0 120.0 True 4.0 180.0 120.0 1.25 3.0 right
22 232.09854943 250.43444924 1 90.0 120.0 3.0 6.5 90.0 120.0 False 4.0 180.0 120.0 1.75 3.0 left
23 81.3099011554 305.365287685 -1 90.0 120.0 3.0 6.5 90.0 120.0 True 4.0 180.0 120.0 2.0 3.0 right
24 358.523734896 331.288205622 -1 90.0 120.0 3.0 6.5 90.0 120.0 False 4.0 180.0 120.0 1.25 3.0 left
25 44.1144887254 89.0794576996 -1 90.0 120.0 3.0 6.5 90.0 120.0 False 4.0 180.0 120.0 0.75 3.0 left
26 101.507401246 58.9703670559 -1 90.0 120.0 3.0 6.5 90.0 120.0 True 4.0 180.0 120.0 1.25 3.0 right
27 81.7318066647 10.7317375738 1 90.0 120.0 3.0 6.5 90.0 120.0 True 4.0 180.0 120.0 1.0 3.0 right
28 40.136068967 182.331200658 1 90.0 120.0 3.0 6.5 90.0 120.0 False 4.0 180.0 120.0 2.0 3.0 left
29 59.9958430203 53.8458819562 -1 90.0 120.0 3.0 6.5 90.0 120.0 True 4.0 180.0 120.0 2.5 3.0 right
30 217.388073956 98.2736778975 -1 90.0 120.0 3.0 6.5 90.0 120.0 True 4.0 180.0 120.0 0.75 3.0 right
31 135.621505767 92.4563942138 1 90.0 120.0 3.0 6.5 90.0 120.0 False 4.0 180.0 120.0 2.5 3.0 right
32 21.0769962118 2.74363919803 -1 90.0 120.0 3.0 6.5 90.0 120.0 False 4.0 180.0 120.0 2.25 3.0 left
33 207.170592525 164.063434035 -1 90.0 120.0 3.0 6.5 90.0 120.0 True 4.0 180.0 120.0 1.75 3.0 right
34 250.438324552 28.495864782 1 90.0 120.0 3.0 6.5 90.0 120.0 False 4.0 180.0 120.0 1.5 3.0 left
35 249.057496165 38.8935733143 -1 90.0 120.0 3.0 6.5 90.0 120.0 True 4.0 180.0 120.0 2.25 3.0 right
36 58.755925676 40.2114099474 1 90.0 120.0 3.0 6.5 90.0 120.0 True 4.0 180.0 120.0 2.5 3.0 left
37 82.1346414078 167.802039252 1 90.0 120.0 3.0 6.5 90.0 120.0 False 4.0 180.0 120.0 0.75 3.0 left
38 186.428991939 32.4348364731 -1 90.0 120.0 3.0 6.5 90.0 120.0 True 4.0 180.0 120.0 2.5 3.0 right
39 359.643535196 159.360665877 -1 90.0 120.0 3.0 6.5 90.0 120.0 True 4.0 180.0 120.0 1.0 3.0 left
40 233.599256366 80.7079720031 1 90.0 120.0 3.0 6.5 90.0 120.0 False 4.0 180.0 120.0 1.25 3.0 left
41 192.58114072 225.115882683 -1 90.0 120.0 3.0 6.5 90.0 120.0 False 4.0 180.0 120.0 1.0 3.0 left
42 329.765123108 272.413099944 1 90.0 120.0 3.0 6.5 90.0 120.0 False 4.0 180.0 120.0 1.5 3.0 left
43 89.3134634966 188.123580437 1 90.0 120.0 3.0 6.5 90.0 120.0 False 4.0 180.0 120.0 2.25 3.0 left
44 282.275564577 270.123165426 -1 90.0 120.0 3.0 6.5 90.0 120.0 False 4.0 180.0 120.0 1.25 3.0 left
45 95.8277007735 119.727222746 -1 90.0 120.0 3.0 6.5 90.0 120.0 True 4.0 180.0 120.0 2.25 3.0 right
46 359.024898088 181.726200087 -1 90.0 120.0 3.0 6.5 90.0 120.0 True 4.0 180.0 120.0 0.75 3.0 right
47 271.955541903 77.7140177443 -1 90.0 120.0 3.0 6.5 90.0 120.0 False 4.0 180.0 120.0 2.25 3.0 left
48 132.061125798 141.398643944 1 90.0 120.0 3.0 6.5 90.0 120.0 True 4.0 180.0 120.0 2.0 3.0 right
49 345.439626815 27.2984705345 -1 90.0 120.0 3.0 6.5 90.0 120.0 True 4.0 180.0 120.0 2.75 3.0 right
50 338.826937368 250.191025076 -1 90.0 120.0 3.0 6.5 90.0 120.0 True 4.0 180.0 120.0 1.75 3.0 right
51 9.5115808864 55.5389325556 1 90.0 120.0 3.0 6.5 90.0 120.0 True 4.0 180.0 120.0 1.5 3.0 right
52 100.983284032 26.3277380795 -1 90.0 120.0 3.0 6.5 90.0 120.0 False 4.0 180.0 120.0 2.0 3.0 right
53 305.638756418 212.743544525 1 90.0 120.0 3.0 6.5 90.0 120.0 False 4.0 180.0 120.0 2.5 3.0 left
54 209.568292045 262.111920331 1 90.0 120.0 3.0 6.5 90.0 120.0 True 4.0 180.0 120.0 2.5 3.0 right
55 334.632754878 31.5479812726 1 90.0 120.0 3.0 6.5 90.0 120.0 True 4.0 180.0 120.0 1.0 3.0 right
56 225.596306934 108.682948378 1 90.0 120.0 3.0 6.5 90.0 120.0 False 4.0 180.0 120.0 1.75 3.0 left
57 252.587282093 177.024631733 1 90.0 120.0 3.0 6.5 90.0 120.0 True 4.0 180.0 120.0 2.25 3.0 right
58 154.356656814 274.478341675 -1 90.0 120.0 3.0 6.5 90.0 120.0 True 4.0 180.0 120.0 1.25 3.0 right
59 304.763086118 295.480605749 1 90.0 120.0 3.0 6.5 90.0 120.0 False 4.0 180.0 120.0 2.75 3.0 right
60 136.686743422 14.7016938545 1 90.0 120.0 3.0 6.5 90.0 120.0 False 4.0 180.0 120.0 1.0 3.0 left
61 13.8270535034 10.5448854885 1 90.0 120.0 3.0 6.5 90.0 120.0 True 4.0 180.0 120.0 1.75 3.0 right
62 131.188214889 337.641605311 -1 90.0 120.0 3.0 6.5 90.0 120.0 False 4.0 180.0 120.0 2.5 3.0 left
63 251.153302105 194.190719172 1 90.0 120.0 3.0 6.5 90.0 120.0 True 4.0 180.0 120.0 2.75 3.0 right
64 256.126769582 112.993881502 1 90.0 120.0 3.0 6.5 90.0 120.0 True 4.0 180.0 120.0 1.25 3.0 right
65 90.0093179948 161.688417951 -1 90.0 120.0 3.0 6.5 90.0 120.0 False 4.0 180.0 120.0 0.75 3.0 left
66 204.944678282 135.51307439 -1 90.0 120.0 3.0 6.5 90.0 120.0 True 4.0 180.0 120.0 1.5 3.0 right
67 15.5510518195 190.567941278 -1 90.0 120.0 3.0 6.5 90.0 120.0 False 4.0 180.0 120.0 2.75 3.0 left
68 47.8060520655 326.934598299 -1 90.0 120.0 3.0 6.5 90.0 120.0 False 4.0 180.0 120.0 1.5 3.0 left
69 231.319636355 6.13030483623 1 90.0 120.0 3.0 6.5 90.0 120.0 True 4.0 180.0 120.0 0.75 3.0 left
70 220.260701295 121.247490487 -1 90.0 120.0 3.0 6.5 90.0 120.0 True 4.0 180.0 120.0 2.0 3.0 right
71 159.730132281 187.133929353 -1 90.0 120.0 3.0 6.5 90.0 120.0 False 4.0 180.0 120.0 1.75 3.0 left
72 344.932487717 310.273907751 1 90.0 120.0 3.0 6.5 90.0 120.0 False 4.0 180.0 120.0 2.0 3.0 left
73 348.380249293 220.784378409 1 90.0 120.0 3.0 6.5 90.0 120.0 True 4.0 180.0 120.0 2.5 3.0 right
74 326.023512981 58.6826662009 1 90.0 120.0 3.0 6.5 90.0 120.0 True 4.0 180.0 120.0 2.75 3.0 left
75 357.904588183 16.1446108671 -1 90.0 120.0 3.0 6.5 90.0 120.0 False 4.0 180.0 120.0 2.25 3.0 left
76 274.036398861 93.336373659 1 90.0 120.0 3.0 6.5 90.0 120.0 False 4.0 180.0 120.0 1.75 3.0 left
77 297.043645576 183.658742765 1 90.0 120.0 3.0 6.5 90.0 120.0 False 4.0 180.0 120.0 1.0 3.0 left
78 218.125423768 97.8944713997 1 90.0 120.0 3.0 6.5 90.0 120.0 False 4.0 180.0 120.0 2.0 3.0 left
79 274.566877763 285.203836375 1 90.0 120.0 3.0 6.5 90.0 120.0 True 4.0 180.0 120.0 1.0 3.0 right
80 23.2892385017 118.986641687 1 90.0 120.0 3.0 6.5 90.0 120.0 True 4.0 180.0 120.0 0.75 3.0 right
81 328.932291041 261.696595488 -1 90.0 120.0 3.0 6.5 90.0 120.0 False 4.0 180.0 120.0 1.5 3.0 left
82 335.07786539 10.3269987365 -1 90.0 120.0 3.0 6.5 90.0 120.0 True 4.0 180.0 120.0 1.75 3.0 right
83 117.609571814 275.975972004 1 90.0 120.0 3.0 6.5 90.0 120.0 True 4.0 180.0 120.0 1.5 3.0 right
84 336.527833146 18.4558237652 -1 90.0 120.0 3.0 6.5 90.0 120.0 False 4.0 180.0 120.0 2.75 3.0 left
85 358.743821083 87.0112390592 1 90.0 120.0 3.0 6.5 90.0 120.0 False 4.0 180.0 120.0 0.75 3.0 left
86 160.509151582 41.9215783645 -1 90.0 120.0 3.0 6.5 90.0 120.0 False 4.0 180.0 120.0 1.0 3.0 left
87 346.378445104 117.304593817 -1 90.0 120.0 3.0 6.5 90.0 120.0 True 4.0 180.0 120.0 2.0 3.0 right
88 299.112344147 108.961021556 1 90.0 120.0 3.0 6.5 90.0 120.0 False 4.0 180.0 120.0 1.25 3.0 left
89 130.581232634 350.620307565 1 90.0 120.0 3.0 6.5 90.0 120.0 False 4.0 180.0 120.0 1.5 3.0 left
90 135.437889649 300.851038993 -1 90.0 120.0 3.0 6.5 90.0 120.0 True 4.0 180.0 120.0 2.5 3.0 right
91 231.560123905 78.1908396881 -1 90.0 120.0 3.0 6.5 90.0 120.0 False 4.0 180.0 120.0 0.75 3.0 left
92 36.2056499448 188.377140217 -1 90.0 120.0 3.0 6.5 90.0 120.0 True 4.0 180.0 120.0 1.5 3.0 right
93 199.455861362 8.15231555319 1 90.0 120.0 3.0 6.5 90.0 120.0 True 4.0 180.0 120.0 2.25 3.0 right
94 278.906655131 252.199540279 -1 90.0 120.0 3.0 6.5 90.0 120.0 True 4.0 180.0 120.0 1.25 3.0 right
95 236.160157501 345.128819275 1 90.0 120.0 3.0 6.5 90.0 120.0 False 4.0 180.0 120.0 2.25 3.0 left
96 251.755292772 26.1362878398 -1 90.0 120.0 3.0 6.5 90.0 120.0 True 4.0 180.0 120.0 2.25 3.0 right
97 259.543621749 57.8960789179 -1 90.0 120.0 3.0 6.5 90.0 120.0 False 4.0 180.0 120.0 1.75 3.0 left
98 188.924333004 16.9434180196 -1 90.0 120.0 3.0 6.5 90.0 120.0 False 4.0 180.0 120.0 1.25 3.0 left
99 324.99948482 5.72667159539 1 90.0 120.0 3.0 6.5 90.0 120.0 True 4.0 180.0 120.0 2.0 3.0 right
100 14.3255926914 309.563549551 1 90.0 120.0 3.0 6.5 90.0 120.0 True 4.0 180.0 120.0 1.75 3.0 right
101 180.70188752 177.388186704 1 90.0 120.0 3.0 6.5 90.0 120.0 True 4.0 180.0 120.0 1.25 3.0 right
102 221.4621059 178.856501836 1 90.0 120.0 3.0 6.5 90.0 120.0 False 4.0 180.0 120.0 2.5 3.0 left
103 349.498815329 183.360028256 -1 90.0 120.0 3.0 6.5 90.0 120.0 True 4.0 180.0 120.0 0.75 3.0 right
104 218.116357261 190.259652348 -1 90.0 120.0 3.0 6.5 90.0 120.0 True 4.0 180.0 120.0 2.75 3.0 right
105 136.705674493 284.646570962 1 90.0 120.0 3.0 6.5 90.0 120.0 False 4.0 180.0 120.0 2.75 3.0 left
106 185.117659075 126.431815444 -1 90.0 120.0 3.0 6.5 90.0 120.0 False 4.0 180.0 120.0 2.5 3.0 right
107 76.2638008736 131.602436472 -1 90.0 120.0 3.0 6.5 90.0 120.0 True 4.0 180.0 120.0 1.0 3.0 right
108 247.011973642 62.6265933361 -1 90.0 120.0 3.0 6.5 90.0 120.0 False 4.0 180.0 120.0 2.0 3.0 left
