trial angleIni angleLandmark direction durationRampingIni durationFinal sizeLandmark radiusLandmark durationRampingFinal durationIni same radius duration durationRampingLand freq size response
1 118.805329084 102.921773216 -1 90.0 120.0 3.0 6.5 90.0 120.0 True 4.0 180.0 120.0 2.5 3.0 left
2 354.571563431 35.1238544372 -1 90.0 120.0 3.0 6.5 90.0 120.0 False 4.0 180.0 120.0 3.5 3.0 right
3 172.49250482 173.357287591 -1 90.0 120.0 3.0 6.5 90.0 120.0 True 4.0 180.0 120.0 1.25 3.0 right
4 16.2200911682 53.8440745852 -1 90.0 120.0 3.0 6.5 90.0 120.0 True 4.0 180.0 120.0 1.5 3.0 right
5 64.8594695825 282.656853744 1 90.0 120.0 3.0 6.5 90.0 120.0 True 4.0 180.0 120.0 0.75 3.0 right
6 327.94215614 49.1269308986 1 90.0 120.0 3.0 6.5 90.0 120.0 True 4.0 180.0 120.0 2.5 3.0 left
7 142.932361386 248.573882245 -1 90.0 120.0 3.0 6.5 90.0 120.0 True 4.0 180.0 120.0 2.0 3.0 right
8 138.315465567 324.47651599 -1 90.0 120.0 3.0 6.5 90.0 120.0 True 4.0 180.0 120.0 2.25 3.0 left
9 245.710170233 295.288626374 1 90.0 120.0 3.0 6.5 90.0 120.0 True 4.0 180.0 120.0 1.0 3.0 right
10 27.141231541 94.6827665886 1 90.0 120.0 3.0 6.5 90.0 120.0 True 4.0 180.0 120.0 2.25 3.0 left
11 307.883565246 201.931607013 1 90.0 120.0 3.0 6.5 90.0 120.0 False 4.0 180.0 120.0 2.75 3.0 left
12 55.5984955363 27.4997201485 1 90.0 120.0 3.0 6.5 90.0 120.0 True 4.0 180.0 120.0 1.5 3.0 right
13 207.714132476 190.84914676 1 90.0 120.0 3.0 6.5 90.0 120.0 True 4.0 180.0 120.0 2.0 3.0 right
14 220.908200308 332.151729693 1 90.0 120.0 3.0 6.5 90.0 120.0 True 4.0 180.0 120.0 3.5 3.0 right
15 139.128833505 43.8587538034 1 90.0 120.0 3.0 6.5 90.0 120.0 False 4.0 180.0 120.0 2.0 3.0 left
16 200.529007955 19.830411697 -1 90.0 120.0 3.0 6.5 90.0 120.0 True 4.0 180.0 120.0 1.0 3.0 right
17 182.319694182 218.960696832 1 90.0 120.0 3.0 6.5 90.0 120.0 False 4.0 180.0 120.0 2.5 3.0 right
18 203.663123784 219.08620909 1 90.0 120.0 3.0 6.5 90.0 120.0 False 4.0 180.0 120.0 3.25 3.0 right
19 85.3760636978 356.781848532 1 90.0 120.0 3.0 6.5 90.0 120.0 False 4.0 180.0 120.0 3.5 3.0 right
20 178.073690323 132.729216624 1 90.0 120.0 3.0 6.5 90.0 120.0 True 4.0 180.0 120.0 2.75 3.0 right
21 202.206781136 178.70554998 -1 90.0 120.0 3.0 6.5 90.0 120.0 False 4.0 180.0 120.0 1.0 3.0 left
22 28.8030704097 359.081905272 1 90.0 120.0 3.0 6.5 90.0 120.0 False 4.0 180.0 120.0 2.25 3.0 left
23 58.8398899598 256.561720766 1 90.0 120.0 3.0 6.5 90.0 120.0 False 4.0 180.0 120.0 1.0 3.0 left
24 306.619434718 1.71573077382 -1 90.0 120.0 3.0 6.5 90.0 120.0 True 4.0 180.0 120.0 3.25 3.0 right
25 224.786914766 79.9170926086 1 90.0 120.0 3.0 6.5 90.0 120.0 False 4.0 180.0 120.0 1.75 3.0 left
26 106.343219418 301.175254408 1 90.0 120.0 3.0 6.5 90.0 120.0 True 4.0 180.0 120.0 3.25 3.0 right
27 307.799868753 157.405738937 -1 90.0 120.0 3.0 6.5 90.0 120.0 False 4.0 180.0 120.0 2.5 3.0 right
28 90.4452506591 263.961588189 -1 90.0 120.0 3.0 6.5 90.0 120.0 False 4.0 180.0 120.0 2.75 3.0 right
29 49.2668339336 211.766391851 1 90.0 120.0 3.0 6.5 90.0 120.0 False 4.0 180.0 120.0 1.5 3.0 left
30 70.0663880192 162.934656921 1 90.0 120.0 3.0 6.5 90.0 120.0 False 4.0 180.0 120.0 1.25 3.0 left
31 219.716927671 63.9634203356 -1 90.0 120.0 3.0 6.5 90.0 120.0 False 4.0 180.0 120.0 2.25 3.0 left
32 141.644627179 161.056734681 -1 90.0 120.0 3.0 6.5 90.0 120.0 False 4.0 180.0 120.0 0.75 3.0 left
33 116.347462137 142.664792559 -1 90.0 120.0 3.0 6.5 90.0 120.0 False 4.0 180.0 120.0 3.0 3.0 left
34 296.946794094 98.5633237296 -1 90.0 120.0 3.0 6.5 90.0 120.0 True 4.0 180.0 120.0 1.75 3.0 right
35 129.470501717 138.880926147 1 90.0 120.0 3.0 6.5 90.0 120.0 True 4.0 180.0 120.0 3.0 3.0 right
36 216.230794849 265.577473882 1 90.0 120.0 3.0 6.5 90.0 120.0 False 4.0 180.0 120.0 3.0 3.0 right
37 137.319175217 320.460198382 -1 90.0 120.0 3.0 6.5 90.0 120.0 True 4.0 180.0 120.0 3.5 3.0 right
38 329.697283362 193.400270977 -1 90.0 120.0 3.0 6.5 90.0 120.0 False 4.0 180.0 120.0 1.75 3.0 left
39 170.803582785 259.244171059 1 90.0 120.0 3.0 6.5 90.0 120.0 True 4.0 180.0 120.0 1.75 3.0 right
40 207.16645988 81.4078901551 -1 90.0 120.0 3.0 6.5 90.0 120.0 True 4.0 180.0 120.0 0.75 3.0 right
41 346.459938268 330.648061643 -1 90.0 120.0 3.0 6.5 90.0 120.0 False 4.0 180.0 120.0 2.0 3.0 left
42 174.494912463 208.611736186 -1 90.0 120.0 3.0 6.5 90.0 120.0 True 4.0 180.0 120.0 2.75 3.0 left
43 10.4186997738 261.770178411 1 90.0 120.0 3.0 6.5 90.0 120.0 True 4.0 180.0 120.0 1.25 3.0 right
44 264.653878858 212.020146067 -1 90.0 120.0 3.0 6.5 90.0 120.0 True 4.0 180.0 120.0 3.0 3.0 right
45 301.464145946 133.331565707 1 90.0 120.0 3.0 6.5 90.0 120.0 False 4.0 180.0 120.0 0.75 3.0 left
46 331.191948923 205.074809378 -1 90.0 120.0 3.0 6.5 90.0 120.0 False 4.0 180.0 120.0 3.25 3.0 left
47 341.668682213 302.012570597 -1 90.0 120.0 3.0 6.5 90.0 120.0 False 4.0 180.0 120.0 1.5 3.0 left
48 126.023949611 151.783898513 -1 90.0 120.0 3.0 6.5 90.0 120.0 False 4.0 180.0 120.0 1.25 3.0 left
49 151.249986452 182.176268722 -1 90.0 120.0 3.0 6.5 90.0 120.0 False 4.0 180.0 120.0 2.5 3.0 right
50 263.75932686 67.6309307709 1 90.0 120.0 3.0 6.5 90.0 120.0 False 4.0 180.0 120.0 3.25 3.0 right
51 310.719524949 284.085642209 -1 90.0 120.0 3.0 6.5 90.0 120.0 False 4.0 180.0 120.0 2.0 3.0 left
52 235.653291833 113.215095522 1 90.0 120.0 3.0 6.5 90.0 120.0 False 4.0 180.0 120.0 2.5 3.0 right
53 353.327372448 57.0146305534 -1 90.0 120.0 3.0 6.5 90.0 120.0 True 4.0 180.0 120.0 2.5 3.0 right
54 317.60658187 88.229858984 -1 90.0 120.0 3.0 6.5 90.0 120.0 False 4.0 180.0 120.0 2.25 3.0 left
55 187.856412889 325.779489588 1 90.0 120.0 3.0 6.5 90.0 120.0 True 4.0 180.0 120.0 3.25 3.0 right
56 313.054091929 217.779051289 1 90.0 120.0 3.0 6.5 90.0 120.0 True 4.0 180.0 120.0 3.0 3.0 right
57 28.924089595 305.681692571 1 90.0 120.0 3.0 6.5 90.0 120.0 True 4.0 180.0 120.0 2.0 3.0 right
58 142.787308137 321.681388065 1 90.0 120.0 3.0 6.5 90.0 120.0 False 4.0 180.0 120.0 2.0 3.0 right
59 54.0443811101 338.71292502 1 90.0 120.0 3.0 6.5 90.0 120.0 False 4.0 180.0 120.0 1.5 3.0 left
60 25.3205832155 354.275561111 -1 90.0 120.0 3.0 6.5 90.0 120.0 True 4.0 180.0 120.0 1.25 3.0 left
61 299.427677415 277.569960075 -1 90.0 120.0 3.0 6.5 90.0 120.0 False 4.0 180.0 120.0 3.25 3.0 right
62 154.138110153 154.048879525 -1 90.0 120.0 3.0 6.5 90.0 120.0 True 4.0 180.0 120.0 2.25 3.0 right
63 263.814819587 257.646029035 1 90.0 120.0 3.0 6.5 90.0 120.0 True 4.0 180.0 120.0 0.75 3.0 right
64 40.1384575827 171.570682649 1 90.0 120.0 3.0 6.5 90.0 120.0 True 4.0 180.0 120.0 2.5 3.0 right
65 349.836076049 32.160851052 -1 90.0 120.0 3.0 6.5 90.0 120.0 True 4.0 180.0 120.0 2.0 3.0 left
66 347.65435501 245.270430628 1 90.0 120.0 3.0 6.5 90.0 120.0 True 4.0 180.0 120.0 1.5 3.0 right
67 67.5738562551 213.497187505 1 90.0 120.0 3.0 6.5 90.0 120.0 False 4.0 180.0 120.0 1.25 3.0 left
68 29.2970771677 339.199526364 1 90.0 120.0 3.0 6.5 90.0 120.0 True 4.0 180.0 120.0 2.25 3.0 right
69 163.941476848 204.146787744 -1 90.0 120.0 3.0 6.5 90.0 120.0 False 4.0 180.0 120.0 0.75 3.0 right
70 80.7558503353 227.964558636 -1 90.0 120.0 3.0 6.5 90.0 120.0 True 4.0 180.0 120.0 3.5 3.0 right
71 134.400234245 177.86187613 -1 90.0 120.0 3.0 6.5 90.0 120.0 True 4.0 180.0 120.0 3.0 3.0 right
72 138.015332853 25.7269836695 1 90.0 120.0 3.0 6.5 90.0 120.0 True 4.0 180.0 120.0 3.5 3.0 right
73 151.550531514 359.656837365 -1 90.0 120.0 3.0 6.5 90.0 120.0 False 4.0 180.0 120.0 1.25 3.0 left
74 230.127807333 43.9023802059 1 90.0 120.0 3.0 6.5 90.0 120.0 False 4.0 180.0 120.0 0.75 3.0 left
75 311.725101638 15.3935878669 -1 90.0 120.0 3.0 6.5 90.0 120.0 True 4.0 180.0 120.0 0.75 3.0 right
76 169.635694259 174.557774037 -1 90.0 120.0 3.0 6.5 90.0 120.0 False 4.0 180.0 120.0 3.0 3.0 right
77 237.20286931 272.717453424 -1 90.0 120.0 3.0 6.5 90.0 120.0 False 4.0 180.0 120.0 3.5 3.0 right
78 176.702543623 278.333540313 1 90.0 120.0 3.0 6.5 90.0 120.0 False 4.0 180.0 120.0 1.75 3.0 left
79 205.625632934 287.518684997 1 90.0 120.0 3.0 6.5 90.0 120.0 True 4.0 180.0 120.0 2.75 3.0 left
80 287.860500926 231.818753409 -1 90.0 120.0 3.0 6.5 90.0 120.0 False 4.0 180.0 120.0 1.75 3.0 left
81 29.7912970777 252.646527674 1 90.0 120.0 3.0 6.5 90.0 120.0 False 4.0 180.0 120.0 2.75 3.0 left
82 213.322202309 58.2339826491 1 90.0 120.0 3.0 6.5 90.0 120.0 True 4.0 180.0 120.0 1.25 3.0 right
83 94.8572052691 26.3794909509 -1 90.0 120.0 3.0 6.5 90.0 120.0 True 4.0 180.0 120.0 1.5 3.0 right
84 265.918922281 313.329082264 1 90.0 120.0 3.0 6.5 90.0 120.0 False 4.0 180.0 120.0 3.5 3.0 right
85 292.496973114 101.664672512 -1 90.0 120.0 3.0 6.5 90.0 120.0 False 4.0 180.0 120.0 1.0 3.0 left
86 358.551862996 63.6352420136 -1 90.0 120.0 3.0 6.5 90.0 120.0 True 4.0 180.0 120.0 1.75 3.0 right
87 54.3232311045 30.5845089319 1 90.0 120.0 3.0 6.5 90.0 120.0 True 4.0 180.0 120.0 1.75 3.0 left
88 148.459447499 182.465360577 1 90.0 120.0 3.0 6.5 90.0 120.0 False 4.0 180.0 120.0 3.0 3.0 left
89 246.88535188 111.383253828 -1 90.0 120.0 3.0 6.5 90.0 120.0 True 4.0 180.0 120.0 3.25 3.0 right
90 91.0839678933 80.8565827884 -1 90.0 120.0 3.0 6.5 90.0 120.0 False 4.0 180.0 120.0 1.5 3.0 left
91 281.48779732 259.199861417 -1 90.0 120.0 3.0 6.5 90.0 120.0 True 4.0 180.0 120.0 1.0 3.0 right
92 48.4374184387 145.781101892 1 90.0 120.0 3.0 6.5 90.0 120.0 False 4.0 180.0 120.0 2.25 3.0 left
93 97.204326124 52.595371249 -1 90.0 120.0 3.0 6.5 90.0 120.0 True 4.0 180.0 120.0 2.75 3.0 right
94 122.794678616 10.2244458063 -1 90.0 120.0 3.0 6.5 90.0 120.0 False 4.0 180.0 120.0 2.75 3.0 right
95 46.7475398923 216.606637008 1 90.0 120.0 3.0 6.5 90.0 120.0 True 4.0 180.0 120.0 1.0 3.0 right
96 320.430874783 296.2419174 1 90.0 120.0 3.0 6.5 90.0 120.0 False 4.0 180.0 120.0 1.0 3.0 left
97 351.043370679 279.026774346 1 90.0 120.0 3.0 6.5 90.0 120.0 True 4.0 180.0 120.0 2.5 3.0 left
98 224.037943633 50.2447656788 -1 90.0 120.0 3.0 6.5 90.0 120.0 True 4.0 180.0 120.0 2.0 3.0 right
99 325.21814456 252.817098882 -1 90.0 120.0 3.0 6.5 90.0 120.0 False 4.0 180.0 120.0 2.75 3.0 right
100 213.492265509 38.5063140729 -1 90.0 120.0 3.0 6.5 90.0 120.0 True 4.0 180.0 120.0 2.25 3.0 right
101 43.4669291463 108.746533407 -1 90.0 120.0 3.0 6.5 90.0 120.0 True 4.0 180.0 120.0 2.5 3.0 right
102 156.246992185 39.5591605214 -1 90.0 120.0 3.0 6.5 90.0 120.0 False 4.0 180.0 120.0 1.25 3.0 left
103 126.01057357 85.0094316661 -1 90.0 120.0 3.0 6.5 90.0 120.0 False 4.0 180.0 120.0 0.75 3.0 left
104 309.849412488 309.891536936 1 90.0 120.0 3.0 6.5 90.0 120.0 True 4.0 180.0 120.0 1.0 3.0 right
105 189.947600534 115.717018302 1 90.0 120.0 3.0 6.5 90.0 120.0 True 4.0 180.0 120.0 2.25 3.0 right
106 50.7453047911 150.604922507 1 90.0 120.0 3.0 6.5 90.0 120.0 False 4.0 180.0 120.0 0.75 3.0 left
107 8.79633997421 277.741048201 -1 90.0 120.0 3.0 6.5 90.0 120.0 True 4.0 180.0 120.0 3.25 3.0 right
108 254.100619001 185.162212436 1 90.0 120.0 3.0 6.5 90.0 120.0 True 4.0 180.0 120.0 1.5 3.0 right
109 210.876644421 35.1712480705 -1 90.0 120.0 3.0 6.5 90.0 120.0 True 4.0 180.0 120.0 1.0 3.0 right
110 281.807323944 125.25510015 -1 90.0 120.0 3.0 6.5 90.0 120.0 True 4.0 180.0 120.0 3.0 3.0 right
111 166.343423846 190.857826543 -1 90.0 120.0 3.0 6.5 90.0 120.0 True 4.0 180.0 120.0 1.25 3.0 right
112 237.626689505 207.8634269 -1 90.0 120.0 3.0 6.5 90.0 120.0 False 4.0 180.0 120.0 2.25 3.0 left
113 334.831328252 296.417660251 -1 90.0 120.0 3.0 6.5 90.0 120.0 False 4.0 180.0 120.0 2.5 3.0 left
114 85.3426772476 314.429593833 1 90.0 120.0 3.0 6.5 90.0 120.0 True 4.0 180.0 120.0 3.5 3.0 left
115 55.1387188993 273.757877112 -1 90.0 120.0 3.0 6.5 90.0 120.0 True 4.0 180.0 120.0 0.75 3.0 right
116 295.048085857 324.96450749 -1 90.0 120.0 3.0 6.5 90.0 120.0 True 4.0 180.0 120.0 3.5 3.0 right
117 92.7314316704 27.2811840101 -1 90.0 120.0 3.0 6.5 90.0 120.0 False 4.0 180.0 120.0 1.75 3.0 left
118 252.817684741 251.081015558 1 90.0 120.0 3.0 6.5 90.0 120.0 True 4.0 180.0 120.0 3.0 3.0 left
119 74.9830344573 119.262771068 1 90.0 120.0 3.0 6.5 90.0 120.0 False 4.0 180.0 120.0 2.0 3.0 left
120 212.956556359 94.944370402 -1 90.0 120.0 3.0 6.5 90.0 120.0 True 4.0 180.0 120.0 1.5 3.0 right
121 241.515526137 93.9435607993 1 90.0 120.0 3.0 6.5 90.0 120.0 True 4.0 180.0 120.0 1.25 3.0 right
122 193.356339102 294.049473117 -1 90.0 120.0 3.0 6.5 90.0 120.0 True 4.0 180.0 120.0 1.75 3.0 right
123 24.7050240925 48.2999929547 1 90.0 120.0 3.0 6.5 90.0 120.0 True 4.0 180.0 120.0 2.75 3.0 left
124 83.5365403759 81.9088513654 -1 90.0 120.0 3.0 6.5 90.0 120.0 False 4.0 180.0 120.0 1.0 3.0 left
125 186.75842959 147.346034394 1 90.0 120.0 3.0 6.5 90.0 120.0 False 4.0 180.0 120.0 2.75 3.0 right
126 343.658789619 72.8849158882 1 90.0 120.0 3.0 6.5 90.0 120.0 False 4.0 180.0 120.0 1.5 3.0 left
127 60.2514016641 77.1268813878 1 90.0 120.0 3.0 6.5 90.0 120.0 False 4.0 180.0 120.0 1.25 3.0 right
128 27.4163874843 325.090803517 -1 90.0 120.0 3.0 6.5 90.0 120.0 False 4.0 180.0 120.0 3.25 3.0 left
129 221.519823089 325.53470608 1 90.0 120.0 3.0 6.5 90.0 120.0 True 4.0 180.0 120.0 1.75 3.0 right
130 45.0491811828 168.536512869 1 90.0 120.0 3.0 6.5 90.0 120.0 False 4.0 180.0 120.0 2.5 3.0 left
131 339.849931623 208.010987319 -1 90.0 120.0 3.0 6.5 90.0 120.0 False 4.0 180.0 120.0 3.5 3.0 right
132 250.565358188 74.8075245942 1 90.0 120.0 3.0 6.5 90.0 120.0 False 4.0 180.0 120.0 3.5 3.0 left
133 283.71504946 115.347961089 -1 90.0 120.0 3.0 6.5 90.0 120.0 False 4.0 180.0 120.0 1.5 3.0 left
134 149.309640862 48.2675362121 1 90.0 120.0 3.0 6.5 90.0 120.0 False 4.0 180.0 120.0 1.75 3.0 left
135 215.434447694 293.466129419 -1 90.0 120.0 3.0 6.5 90.0 120.0 False 4.0 180.0 120.0 2.0 3.0 left
136 102.531457186 5.47320889859 1 90.0 120.0 3.0 6.5 90.0 120.0 False 4.0 180.0 120.0 3.0 3.0 right
137 49.8485762474 349.716705239 -1 90.0 120.0 3.0 6.5 90.0 120.0 False 4.0 180.0 120.0 3.0 3.0 right
138 328.999224936 34.6974547748 1 90.0 120.0 3.0 6.5 90.0 120.0 False 4.0 180.0 120.0 3.25 3.0 right
139 272.476328728 206.791257103 -1 90.0 120.0 3.0 6.5 90.0 120.0 True 4.0 180.0 120.0 2.75 3.0 right
140 151.873545694 53.2722497584 1 90.0 120.0 3.0 6.5 90.0 120.0 False 4.0 180.0 120.0 2.25 3.0 left
141 299.703880446 119.139556377 1 90.0 120.0 3.0 6.5 90.0 120.0 True 4.0 180.0 120.0 0.75 3.0 right
142 104.959157323 4.02334830283 1 90.0 120.0 3.0 6.5 90.0 120.0 False 4.0 180.0 120.0 1.0 3.0 left
143 336.96780962 319.986557872 1 90.0 120.0 3.0 6.5 90.0 120.0 True 4.0 180.0 120.0 3.25 3.0 right
144 156.517896905 95.8982670624 1 90.0 120.0 3.0 6.5 90.0 120.0 True 4.0 180.0 120.0 2.0 3.0 right
