trial angleIni angleLandmark direction durationRampingIni durationFinal sizeLandmark radiusLandmark durationRampingFinal durationIni same radius duration durationRampingLand freq size response
1 281.949363622 185.587101853 1 90.0 0.0 3.0 6.5 90.0 120.0 False 4.0 180.0 120.0 3.25 3.0 left
2 315.987070964 31.485929641 1 90.0 0.0 3.0 6.5 90.0 120.0 False 4.0 180.0 120.0 3.5 3.0 left
3 240.406686888 160.264218242 1 90.0 0.0 3.0 6.5 90.0 120.0 True 4.0 180.0 120.0 3.25 3.0 right
4 310.951126461 45.8251385621 -1 90.0 0.0 3.0 6.5 90.0 120.0 True 4.0 180.0 120.0 3.0 3.0 right
5 137.855450883 108.236480625 1 90.0 0.0 3.0 6.5 90.0 120.0 True 4.0 180.0 120.0 2.0 3.0 right
6 227.508895757 99.776063582 1 90.0 0.0 3.0 6.5 90.0 120.0 True 4.0 180.0 120.0 2.75 3.0 right
7 302.883138633 33.5695783131 1 90.0 0.0 3.0 6.5 90.0 120.0 False 4.0 180.0 120.0 2.25 3.0 left
8 323.183866358 62.0117635889 1 90.0 0.0 3.0 6.5 90.0 120.0 True 4.0 180.0 120.0 3.0 3.0 right
9 26.1046443264 125.872959399 -1 90.0 0.0 3.0 6.5 90.0 120.0 True 4.0 180.0 120.0 3.25 3.0 right
10 148.263005572 334.550422211 1 90.0 0.0 3.0 6.5 90.0 120.0 False 4.0 180.0 120.0 2.5 3.0 left
11 108.960515171 266.992482948 -1 90.0 0.0 3.0 6.5 90.0 120.0 False 4.0 180.0 120.0 2.75 3.0 left
12 304.282940371 48.6164815781 1 90.0 0.0 3.0 6.5 90.0 120.0 True 4.0 180.0 120.0 2.5 3.0 right
13 249.338151362 135.489279598 -1 90.0 0.0 3.0 6.5 90.0 120.0 False 4.0 180.0 120.0 2.5 3.0 left
14 327.44808825 301.074513033 1 90.0 0.0 3.0 6.5 90.0 120.0 True 4.0 180.0 120.0 2.25 3.0 right
15 96.6366005243 173.177362662 1 90.0 0.0 3.0 6.5 90.0 120.0 False 4.0 180.0 120.0 2.0 3.0 left
16 305.431605711 17.2561713679 -1 90.0 0.0 3.0 6.5 90.0 120.0 False 4.0 180.0 120.0 2.25 3.0 left
17 244.798937942 324.770942789 1 90.0 0.0 3.0 6.5 90.0 120.0 False 4.0 180.0 120.0 3.0 3.0 left
18 49.1159858135 164.803781445 1 90.0 0.0 3.0 6.5 90.0 120.0 False 4.0 180.0 120.0 2.75 3.0 left
19 45.5121555014 237.302456207 -1 90.0 0.0 3.0 6.5 90.0 120.0 False 4.0 180.0 120.0 3.0 3.0 left
20 288.048107576 150.943622377 -1 90.0 0.0 3.0 6.5 90.0 120.0 False 4.0 180.0 120.0 2.0 3.0 left
21 94.2225297165 242.328464439 -1 90.0 0.0 3.0 6.5 90.0 120.0 False 4.0 180.0 120.0 3.5 3.0 left
22 120.205179913 267.666887504 1 90.0 0.0 3.0 6.5 90.0 120.0 True 4.0 180.0 120.0 3.5 3.0 right
23 263.966331432 7.43908702299 -1 90.0 0.0 3.0 6.5 90.0 120.0 True 4.0 180.0 120.0 2.25 3.0 right
24 323.74856699 182.292528382 -1 90.0 0.0 3.0 6.5 90.0 120.0 True 4.0 180.0 120.0 2.0 3.0 right
25 29.8933110028 25.7187348826 -1 90.0 0.0 3.0 6.5 90.0 120.0 True 4.0 180.0 120.0 2.5 3.0 right
26 190.310918807 186.215289532 -1 90.0 0.0 3.0 6.5 90.0 120.0 True 4.0 180.0 120.0 2.75 3.0 right
27 85.4456729442 293.858302126 -1 90.0 0.0 3.0 6.5 90.0 120.0 True 4.0 180.0 120.0 3.5 3.0 right
28 141.92179903 31.1411044334 -1 90.0 0.0 3.0 6.5 90.0 120.0 False 4.0 180.0 120.0 3.25 3.0 left
29 289.006515436 117.811313519 1 90.0 0.0 3.0 6.5 90.0 120.0 True 4.0 180.0 120.0 2.25 3.0 right
30 52.7434548401 305.685554465 -1 90.0 0.0 3.0 6.5 90.0 120.0 True 4.0 180.0 120.0 3.5 3.0 left
31 62.8195290383 357.626571428 -1 90.0 0.0 3.0 6.5 90.0 120.0 False 4.0 180.0 120.0 3.25 3.0 left
32 247.564897722 186.223573561 1 90.0 0.0 3.0 6.5 90.0 120.0 False 4.0 180.0 120.0 3.0 3.0 left
33 15.5207243805 118.108414827 1 90.0 0.0 3.0 6.5 90.0 120.0 True 4.0 180.0 120.0 3.25 3.0 right
34 174.448709828 63.8341409883 -1 90.0 0.0 3.0 6.5 90.0 120.0 False 4.0 180.0 120.0 2.0 3.0 left
35 48.4985912371 65.1500240752 -1 90.0 0.0 3.0 6.5 90.0 120.0 True 4.0 180.0 120.0 3.0 3.0 right
36 188.449302377 345.960638885 1 90.0 0.0 3.0 6.5 90.0 120.0 True 4.0 180.0 120.0 2.0 3.0 right
37 27.7283917072 265.718712811 1 90.0 0.0 3.0 6.5 90.0 120.0 False 4.0 180.0 120.0 2.0 3.0 left
38 142.945626726 81.6056226994 -1 90.0 0.0 3.0 6.5 90.0 120.0 True 4.0 180.0 120.0 3.25 3.0 right
39 276.751358463 28.3600136067 1 90.0 0.0 3.0 6.5 90.0 120.0 True 4.0 180.0 120.0 2.75 3.0 right
40 144.822810383 20.2208178395 -1 90.0 0.0 3.0 6.5 90.0 120.0 False 4.0 180.0 120.0 2.5 3.0 left
41 346.355413958 213.057315967 -1 90.0 0.0 3.0 6.5 90.0 120.0 True 4.0 180.0 120.0 2.0 3.0 right
42 88.8543773603 286.377376519 1 90.0 0.0 3.0 6.5 90.0 120.0 False 4.0 180.0 120.0 3.25 3.0 left
43 195.739671416 242.293148308 -1 90.0 0.0 3.0 6.5 90.0 120.0 False 4.0 180.0 120.0 3.0 3.0 left
44 169.603920193 337.811356328 -1 90.0 0.0 3.0 6.5 90.0 120.0 True 4.0 180.0 120.0 2.25 3.0 right
45 245.577285329 199.935272355 1 90.0 0.0 3.0 6.5 90.0 120.0 False 4.0 180.0 120.0 2.5 3.0 left
46 259.728537561 185.213195036 1 90.0 0.0 3.0 6.5 90.0 120.0 False 4.0 180.0 120.0 3.5 3.0 left
47 44.5433769629 233.777933508 1 90.0 0.0 3.0 6.5 90.0 120.0 False 4.0 180.0 120.0 2.25 3.0 left
48 66.3535698116 4.08484089263 -1 90.0 0.0 3.0 6.5 90.0 120.0 False 4.0 180.0 120.0 2.75 3.0 left
49 353.707117001 307.630390509 -1 90.0 0.0 3.0 6.5 90.0 120.0 True 4.0 180.0 120.0 2.5 3.0 right
50 76.409925577 264.475382962 1 90.0 0.0 3.0 6.5 90.0 120.0 True 4.0 180.0 120.0 3.0 3.0 right
51 187.386387893 172.384463665 1 90.0 0.0 3.0 6.5 90.0 120.0 True 4.0 180.0 120.0 2.5 3.0 right
52 9.98018098632 185.406884284 -1 90.0 0.0 3.0 6.5 90.0 120.0 True 4.0 180.0 120.0 2.75 3.0 right
53 338.688467495 49.5290209508 1 90.0 0.0 3.0 6.5 90.0 120.0 False 4.0 180.0 120.0 2.75 3.0 left
54 275.898710831 66.4187910831 -1 90.0 0.0 3.0 6.5 90.0 120.0 False 4.0 180.0 120.0 3.5 3.0 left
55 57.9213361778 229.674542186 1 90.0 0.0 3.0 6.5 90.0 120.0 True 4.0 180.0 120.0 3.5 3.0 right
56 172.074162791 182.160903032 -1 90.0 0.0 3.0 6.5 90.0 120.0 False 4.0 180.0 120.0 2.25 3.0 left
57 252.377837197 197.772004682 -1 90.0 0.0 3.0 6.5 90.0 120.0 False 4.0 180.0 120.0 2.5 3.0 left
58 229.247319907 5.85918925485 -1 90.0 0.0 3.0 6.5 90.0 120.0 True 4.0 180.0 120.0 2.0 3.0 right
59 87.7905982106 107.045204652 1 90.0 0.0 3.0 6.5 90.0 120.0 True 4.0 180.0 120.0 2.75 3.0 right
60 352.555613757 255.521178109 1 90.0 0.0 3.0 6.5 90.0 120.0 True 4.0 180.0 120.0 2.0 3.0 right
61 45.708683769 355.907573322 -1 90.0 0.0 3.0 6.5 90.0 120.0 False 4.0 180.0 120.0 2.75 3.0 left
62 20.2191404266 348.107917385 1 90.0 0.0 3.0 6.5 90.0 120.0 False 4.0 180.0 120.0 2.0 3.0 left
63 204.388562854 323.953347605 -1 90.0 0.0 3.0 6.5 90.0 120.0 False 4.0 180.0 120.0 3.0 3.0 left
64 126.360659351 239.417911503 -1 90.0 0.0 3.0 6.5 90.0 120.0 False 4.0 180.0 120.0 2.0 3.0 left
65 154.611601485 309.86328758 1 90.0 0.0 3.0 6.5 90.0 120.0 True 4.0 180.0 120.0 2.5 3.0 right
66 177.559569642 83.2551134252 -1 90.0 0.0 3.0 6.5 90.0 120.0 True 4.0 180.0 120.0 3.25 3.0 right
67 237.430894279 20.3142050796 1 90.0 0.0 3.0 6.5 90.0 120.0 True 4.0 180.0 120.0 3.25 3.0 right
68 218.294519526 250.948041333 -1 90.0 0.0 3.0 6.5 90.0 120.0 False 4.0 180.0 120.0 2.25 3.0 left
69 285.041870217 294.78697563 1 90.0 0.0 3.0 6.5 90.0 120.0 True 4.0 180.0 120.0 3.0 3.0 right
70 326.095015304 250.992815613 -1 90.0 0.0 3.0 6.5 90.0 120.0 True 4.0 180.0 120.0 2.75 3.0 right
71 28.7548350935 75.1332157151 -1 90.0 0.0 3.0 6.5 90.0 120.0 False 4.0 180.0 120.0 3.5 3.0 left
72 318.833922217 73.1877695122 1 90.0 0.0 3.0 6.5 90.0 120.0 False 4.0 180.0 120.0 2.75 3.0 left
73 223.634743056 10.4598699566 -1 90.0 0.0 3.0 6.5 90.0 120.0 True 4.0 180.0 120.0 2.25 3.0 right
74 298.81439098 26.6008146353 1 90.0 0.0 3.0 6.5 90.0 120.0 False 4.0 180.0 120.0 2.5 3.0 left
75 275.974595661 113.210289997 1 90.0 0.0 3.0 6.5 90.0 120.0 False 4.0 180.0 120.0 3.0 3.0 left
76 99.9588057536 197.755090171 -1 90.0 0.0 3.0 6.5 90.0 120.0 False 4.0 180.0 120.0 3.25 3.0 left
77 335.45435221 128.591482901 1 90.0 0.0 3.0 6.5 90.0 120.0 True 4.0 180.0 120.0 2.25 3.0 right
78 27.0521840788 16.0699886961 1 90.0 0.0 3.0 6.5 90.0 120.0 False 4.0 180.0 120.0 2.25 3.0 left
79 111.741873246 333.940830851 -1 90.0 0.0 3.0 6.5 90.0 120.0 True 4.0 180.0 120.0 3.5 3.0 left
80 294.568419554 263.586324279 1 90.0 0.0 3.0 6.5 90.0 120.0 False 4.0 180.0 120.0 3.25 3.0 left
81 331.780067264 220.391842986 1 90.0 0.0 3.0 6.5 90.0 120.0 True 4.0 180.0 120.0 3.5 3.0 right
82 156.403518667 224.923715248 1 90.0 0.0 3.0 6.5 90.0 120.0 False 4.0 180.0 120.0 3.5 3.0 left
83 241.971882528 96.404610317 -1 90.0 0.0 3.0 6.5 90.0 120.0 True 4.0 180.0 120.0 3.0 3.0 right
84 170.480588775 320.27121987 -1 90.0 0.0 3.0 6.5 90.0 120.0 True 4.0 180.0 120.0 2.5 3.0 right
