trial angleIni angleLandmark direction durationRampingIni durationFinal sizeLandmark radiusLandmark durationRampingFinal durationIni same radius duration durationRampingLand freq size response
1 88.9414981964 36.0751408788 1 90.0 120.0 3.0 6.5 90.0 120.0 True 4.0 180.0 120.0 3.25 3.0 right
2 34.129227194 323.894070847 -1 90.0 120.0 3.0 6.5 90.0 120.0 False 4.0 180.0 120.0 1.25 3.0 left
3 228.406725236 211.889917871 1 90.0 120.0 3.0 6.5 90.0 120.0 False 4.0 180.0 120.0 2.0 3.0 left
4 24.5901748807 175.676436771 -1 90.0 120.0 3.0 6.5 90.0 120.0 True 4.0 180.0 120.0 2.25 3.0 left
5 223.304000881 352.101152415 1 90.0 120.0 3.0 6.5 90.0 120.0 False 4.0 180.0 120.0 1.0 3.0 left
6 235.708887075 5.44549356639 -1 90.0 120.0 3.0 6.5 90.0 120.0 False 4.0 180.0 120.0 1.5 3.0 left
7 56.2047124723 324.875899249 -1 90.0 120.0 3.0 6.5 90.0 120.0 False 4.0 180.0 120.0 3.0 3.0 left
8 329.142600256 31.7523633947 1 90.0 120.0 3.0 6.5 90.0 120.0 False 4.0 180.0 120.0 3.25 3.0 right
9 115.367233912 153.072341368 1 90.0 120.0 3.0 6.5 90.0 120.0 False 4.0 180.0 120.0 2.25 3.0 left
10 165.039628673 280.968234031 -1 90.0 120.0 3.0 6.5 90.0 120.0 False 4.0 180.0 120.0 0.75 3.0 left
11 113.406679093 325.615023296 1 90.0 120.0 3.0 6.5 90.0 120.0 False 4.0 180.0 120.0 1.25 3.0 left
12 149.512561111 356.667914981 -1 90.0 120.0 3.0 6.5 90.0 120.0 False 4.0 180.0 120.0 3.25 3.0 right
13 172.257824972 240.047109513 -1 90.0 120.0 3.0 6.5 90.0 120.0 False 4.0 180.0 120.0 1.75 3.0 left
14 109.736145146 240.773385269 1 90.0 120.0 3.0 6.5 90.0 120.0 True 4.0 180.0 120.0 1.75 3.0 right
15 348.231179882 327.853679846 1 90.0 120.0 3.0 6.5 90.0 120.0 True 4.0 180.0 120.0 0.75 3.0 right
16 353.164212319 47.9380239856 -1 90.0 120.0 3.0 6.5 90.0 120.0 False 4.0 180.0 120.0 1.0 3.0 left
17 41.9704591106 236.326661056 -1 90.0 120.0 3.0 6.5 90.0 120.0 False 4.0 180.0 120.0 2.5 3.0 right
18 186.819228947 273.684093766 1 90.0 120.0 3.0 6.5 90.0 120.0 False 4.0 180.0 120.0 3.5 3.0 right
19 123.933763082 13.9857256681 -1 90.0 120.0 3.0 6.5 90.0 120.0 True 4.0 180.0 120.0 1.5 3.0 right
20 114.337322252 19.3413584819 1 90.0 120.0 3.0 6.5 90.0 120.0 True 4.0 180.0 120.0 2.5 3.0 right
21 32.1324882181 302.840264815 -1 90.0 120.0 3.0 6.5 90.0 120.0 True 4.0 180.0 120.0 3.5 3.0 right
22 353.457253076 13.2277450076 -1 90.0 120.0 3.0 6.5 90.0 120.0 False 4.0 180.0 120.0 2.75 3.0 right
23 130.241870443 162.126808737 1 90.0 120.0 3.0 6.5 90.0 120.0 True 4.0 180.0 120.0 1.5 3.0 right
24 141.595297384 85.4294428388 -1 90.0 120.0 3.0 6.5 90.0 120.0 True 4.0 180.0 120.0 3.0 3.0 left
25 240.802235846 277.86316338 1 90.0 120.0 3.0 6.5 90.0 120.0 False 4.0 180.0 120.0 2.5 3.0 right
26 7.78595304972 107.271151951 1 90.0 120.0 3.0 6.5 90.0 120.0 False 4.0 180.0 120.0 1.5 3.0 left
27 269.677073315 205.499940973 -1 90.0 120.0 3.0 6.5 90.0 120.0 True 4.0 180.0 120.0 2.0 3.0 right
28 162.466045038 129.297390812 -1 90.0 120.0 3.0 6.5 90.0 120.0 True 4.0 180.0 120.0 1.25 3.0 right
29 62.536860337 118.20536446 1 90.0 120.0 3.0 6.5 90.0 120.0 True 4.0 180.0 120.0 1.25 3.0 right
30 314.122758802 289.087088769 -1 90.0 120.0 3.0 6.5 90.0 120.0 True 4.0 180.0 120.0 3.25 3.0 left
31 228.222752826 232.183015096 1 90.0 120.0 3.0 6.5 90.0 120.0 True 4.0 180.0 120.0 2.25 3.0 right
32 356.722816313 325.343255358 1 90.0 120.0 3.0 6.5 90.0 120.0 False 4.0 180.0 120.0 3.0 3.0 right
33 190.023191807 185.984062123 1 90.0 120.0 3.0 6.5 90.0 120.0 False 4.0 180.0 120.0 0.75 3.0 left
34 344.675020426 204.47000579 1 90.0 120.0 3.0 6.5 90.0 120.0 True 4.0 180.0 120.0 2.0 3.0 right
35 197.542577739 239.158280726 -1 90.0 120.0 3.0 6.5 90.0 120.0 True 4.0 180.0 120.0 2.75 3.0 right
36 259.56346406 180.282122718 -1 90.0 120.0 3.0 6.5 90.0 120.0 False 4.0 180.0 120.0 3.5 3.0 right
37 113.632012697 26.4443739492 1 90.0 120.0 3.0 6.5 90.0 120.0 False 4.0 180.0 120.0 2.75 3.0 right
38 88.2838170856 219.449572471 1 90.0 120.0 3.0 6.5 90.0 120.0 False 4.0 180.0 120.0 1.75 3.0 left
39 302.089045241 204.380564706 -1 90.0 120.0 3.0 6.5 90.0 120.0 True 4.0 180.0 120.0 1.0 3.0 right
40 237.957988338 344.610573284 -1 90.0 120.0 3.0 6.5 90.0 120.0 False 4.0 180.0 120.0 2.0 3.0 right
41 311.161625199 342.349170598 -1 90.0 120.0 3.0 6.5 90.0 120.0 True 4.0 180.0 120.0 1.75 3.0 right
42 21.7056849521 254.845525006 -1 90.0 120.0 3.0 6.5 90.0 120.0 True 4.0 180.0 120.0 2.5 3.0 left
43 131.615838447 127.851667891 -1 90.0 120.0 3.0 6.5 90.0 120.0 True 4.0 180.0 120.0 0.75 3.0 right
44 345.733543538 307.598241848 1 90.0 120.0 3.0 6.5 90.0 120.0 True 4.0 180.0 120.0 1.0 3.0 right
45 51.9710950121 154.681025773 1 90.0 120.0 3.0 6.5 90.0 120.0 True 4.0 180.0 120.0 2.75 3.0 right
46 296.478282489 29.8697676744 -1 90.0 120.0 3.0 6.5 90.0 120.0 False 4.0 180.0 120.0 2.25 3.0 right
47 342.425447567 260.627785403 1 90.0 120.0 3.0 6.5 90.0 120.0 True 4.0 180.0 120.0 3.0 3.0 left
48 251.986987509 218.79698241 1 90.0 120.0 3.0 6.5 90.0 120.0 True 4.0 180.0 120.0 3.5 3.0 left
49 246.546547003 1.56911540633 1 90.0 120.0 3.0 6.5 90.0 120.0 True 4.0 180.0 120.0 1.25 3.0 right
50 197.370061569 266.569552763 -1 90.0 120.0 3.0 6.5 90.0 120.0 False 4.0 180.0 120.0 2.25 3.0 left
51 135.936299697 281.152965722 1 90.0 120.0 3.0 6.5 90.0 120.0 True 4.0 180.0 120.0 2.0 3.0 right
52 224.922021288 18.8022003978 -1 90.0 120.0 3.0 6.5 90.0 120.0 True 4.0 180.0 120.0 3.5 3.0 left
53 185.248318378 168.179263717 1 90.0 120.0 3.0 6.5 90.0 120.0 False 4.0 180.0 120.0 3.25 3.0 left
54 355.805594812 314.84449246 1 90.0 120.0 3.0 6.5 90.0 120.0 True 4.0 180.0 120.0 3.0 3.0 right
55 186.174733925 51.5354724109 1 90.0 120.0 3.0 6.5 90.0 120.0 False 4.0 180.0 120.0 1.0 3.0 left
56 144.492527411 276.894967415 1 90.0 120.0 3.0 6.5 90.0 120.0 False 4.0 180.0 120.0 1.25 3.0 left
57 154.739210753 65.3368418234 1 90.0 120.0 3.0 6.5 90.0 120.0 False 4.0 180.0 120.0 0.75 3.0 left
58 207.126445847 30.5833613751 -1 90.0 120.0 3.0 6.5 90.0 120.0 True 4.0 180.0 120.0 3.0 3.0 right
59 158.587906031 120.664475729 1 90.0 120.0 3.0 6.5 90.0 120.0 True 4.0 180.0 120.0 0.75 3.0 right
60 59.7546079502 60.6483260973 1 90.0 120.0 3.0 6.5 90.0 120.0 False 4.0 180.0 120.0 1.75 3.0 left
61 319.398930536 200.956900833 -1 90.0 120.0 3.0 6.5 90.0 120.0 True 4.0 180.0 120.0 1.25 3.0 right
62 97.5673920795 166.167092629 -1 90.0 120.0 3.0 6.5 90.0 120.0 False 4.0 180.0 120.0 1.0 3.0 left
63 211.144111721 45.4712257289 1 90.0 120.0 3.0 6.5 90.0 120.0 True 4.0 180.0 120.0 1.75 3.0 right
64 153.173479773 217.036354619 -1 90.0 120.0 3.0 6.5 90.0 120.0 False 4.0 180.0 120.0 2.5 3.0 right
65 222.363342161 92.8874181492 -1 90.0 120.0 3.0 6.5 90.0 120.0 True 4.0 180.0 120.0 2.75 3.0 right
66 255.836419453 61.2963792517 -1 90.0 120.0 3.0 6.5 90.0 120.0 True 4.0 180.0 120.0 2.0 3.0 left
67 60.1364781791 134.947221559 1 90.0 120.0 3.0 6.5 90.0 120.0 True 4.0 180.0 120.0 2.25 3.0 right
68 278.093132745 55.0589909622 -1 90.0 120.0 3.0 6.5 90.0 120.0 True 4.0 180.0 120.0 0.75 3.0 right
69 90.1420060858 205.876018898 1 90.0 120.0 3.0 6.5 90.0 120.0 False 4.0 180.0 120.0 2.0 3.0 right
70 135.973755116 316.228425184 1 90.0 120.0 3.0 6.5 90.0 120.0 False 4.0 180.0 120.0 2.75 3.0 right
71 90.8200919436 48.7998852356 1 90.0 120.0 3.0 6.5 90.0 120.0 False 4.0 180.0 120.0 3.5 3.0 left
72 19.6495228289 264.80506682 -1 90.0 120.0 3.0 6.5 90.0 120.0 False 4.0 180.0 120.0 2.75 3.0 right
73 172.699265245 257.432428816 -1 90.0 120.0 3.0 6.5 90.0 120.0 False 4.0 180.0 120.0 3.25 3.0 left
74 173.0928866 148.121494967 1 90.0 120.0 3.0 6.5 90.0 120.0 True 4.0 180.0 120.0 1.0 3.0 right
75 345.599347813 151.174596301 -1 90.0 120.0 3.0 6.5 90.0 120.0 False 4.0 180.0 120.0 1.75 3.0 left
76 99.3876448378 22.8564968115 -1 90.0 120.0 3.0 6.5 90.0 120.0 True 4.0 180.0 120.0 1.75 3.0 right
77 43.3781608497 20.8480209696 -1 90.0 120.0 3.0 6.5 90.0 120.0 True 4.0 180.0 120.0 1.5 3.0 right
78 3.50720563354 306.403238501 1 90.0 120.0 3.0 6.5 90.0 120.0 False 4.0 180.0 120.0 2.25 3.0 left
79 345.949698628 58.2501242159 -1 90.0 120.0 3.0 6.5 90.0 120.0 False 4.0 180.0 120.0 3.5 3.0 left
80 6.63632722392 330.1890628 -1 90.0 120.0 3.0 6.5 90.0 120.0 False 4.0 180.0 120.0 3.0 3.0 right
81 319.062174938 233.216849413 -1 90.0 120.0 3.0 6.5 90.0 120.0 False 4.0 180.0 120.0 1.25 