trial angleIni angleLandmark direction durationRampingIni durationFinal sizeLandmark radiusLandmark durationRampingFinal durationIni same radius duration durationRampingLand freq size response
1 68.82074411 256.715694968 -1 90.0 0.0 3.0 6.5 90.0 120.0 False 4.0 180.0 120.0 2.75 3.0 left
2 242.539949182 357.802638733 -1 90.0 0.0 3.0 6.5 90.0 120.0 True 4.0 180.0 120.0 2.25 3.0 right
3 39.8391657963 189.896661408 1 90.0 0.0 3.0 6.5 90.0 120.0 False 4.0 180.0 120.0 2.25 3.0 left
4 141.207856054 120.317682103 -1 90.0 0.0 3.0 6.5 90.0 120.0 True 4.0 180.0 120.0 3.0 3.0 right
5 153.089806966 201.428135979 1 90.0 0.0 3.0 6.5 90.0 120.0 False 4.0 180.0 120.0 3.5 3.0 left
6 347.03455212 15.0756705938 1 90.0 0.0 3.0 6.5 90.0 120.0 True 4.0 180.0 120.0 2.25 3.0 right
7 254.558188863 178.941406914 1 90.0 0.0 3.0 6.5 90.0 120.0 False 4.0 180.0 120.0 3.25 3.0 left
8 60.8390594412 264.222353564 -1 90.0 0.0 3.0 6.5 90.0 120.0 True 4.0 180.0 120.0 3.25 3.0 right
9 258.42230739 90.1329271728 1 90.0 0.0 3.0 6.5 90.0 120.0 True 4.0 180.0 120.0 2.75 3.0 right
10 197.697779927 13.5227759501 1 90.0 0.0 3.0 6.5 90.0 120.0 True 4.0 180.0 120.0 3.0 3.0 right
11 19.8214104942 313.373882279 -1 90.0 0.0 3.0 6.5 90.0 120.0 False 4.0 180.0 120.0 3.0 3.0 left
12 100.013144506 115.290400747 -1 90.0 0.0 3.0 6.5 90.0 120.0 False 4.0 180.0 120.0 2.5 3.0 left
13 260.278866976 339.181848465 1 90.0 0.0 3.0 6.5 90.0 120.0 False 4.0 180.0 120.0 2.75 3.0 left
14 342.119284699 53.05700091 -1 90.0 0.0 3.0 6.5 90.0 120.0 True 4.0 180.0 120.0 3.5 3.0 right
15 257.215410788 1.69840915002 -1 90.0 0.0 3.0 6.5 90.0 120.0 False 4.0 180.0 120.0 2.0 3.0 left
16 253.561996671 146.308123012 -1 90.0 0.0 3.0 6.5 90.0 120.0 False 4.0 180.0 120.0 3.25 3.0 left
17 8.81725895354 20.0880105366 1 90.0 0.0 3.0 6.5 90.0 120.0 True 4.0 180.0 120.0 3.5 3.0 right
18 217.02278512 63.8488594274 1 90.0 0.0 3.0 6.5 90.0 120.0 True 4.0 180.0 120.0 3.25 3.0 right
19 134.123213753 267.145865977 1 90.0 0.0 3.0 6.5 90.0 120.0 False 4.0 180.0 120.0 2.5 3.0 left
20 296.12674579 119.692374944 -1 90.0 0.0 3.0 6.5 90.0 120.0 False 4.0 180.0 120.0 2.25 3.0 left
21 72.0857187102 83.7572609845 1 90.0 0.0 3.0 6.5 90.0 120.0 True 4.0 180.0 120.0 2.0 3.0 right
22 266.186412763 86.3798515968 -1 90.0 0.0 3.0 6.5 90.0 120.0 False 4.0 180.0 120.0 3.5 3.0 left
23 97.1625219757 69.1319402757 -1 90.0 0.0 3.0 6.5 90.0 120.0 True 4.0 180.0 120.0 2.0 3.0 right
24 249.078705509 298.042888296 -1 90.0 0.0 3.0 6.5 90.0 120.0 True 4.0 180.0 120.0 2.5 3.0 right
25 30.9827305943 132.429907339 1 90.0 0.0 3.0 6.5 90.0 120.0 False 4.0 180.0 120.0 3.0 3.0 left
26 359.088665734 113.202040397 1 90.0 0.0 3.0 6.5 90.0 120.0 False 4.0 180.0 120.0 2.0 3.0 left
27 158.08768035 334.234250117 1 90.0 0.0 3.0 6.5 90.0 120.0 True 4.0 180.0 120.0 2.5 3.0 right
28 280.002624974 271.949851069 -1 90.0 0.0 3.0 6.5 90.0 120.0 True 4.0 180.0 120.0 2.75 3.0 right
29 11.4989681702 36.6841929303 -1 90.0 0.0 3.0 6.5 90.0 120.0 False 4.0 180.0 120.0 2.0 3.0 left
30 232.77162543 275.790502708 -1 90.0 0.0 3.0 6.5 90.0 120.0 True 4.0 180.0 120.0 3.5 3.0 right
31 13.3826709697 93.8737484074 -1 90.0 0.0 3.0 6.5 90.0 120.0 False 4.0 180.0 120.0 2.5 3.0 left
32 86.9585669191 48.0236805957 -1 90.0 0.0 3.0 6.5 90.0 120.0 False 4.0 180.0 120.0 3.25 3.0 left
33 227.807506401 278.947355708 1 90.0 0.0 3.0 6.5 90.0 120.0 False 4.0 180.0 120.0 2.25 3.0 left
34 168.051874815 52.2468740316 -1 90.0 0.0 3.0 6.5 90.0 120.0 True 4.0 180.0 120.0 2.75 3.0 right
35 224.234732522 167.875400965 -1 90.0 0.0 3.0 6.5 90.0 120.0 False 4.0 180.0 120.0 3.0 3.0 left
36 244.192325728 136.443503106 1 90.0 0.0 3.0 6.5 90.0 120.0 True 4.0 180.0 120.0 2.5 3.0 right
37 216.805357777 100.756534249 1 90.0 0.0 3.0 6.5 90.0 120.0 True 4.0 180.0 120.0 3.0 3.0 right
38 61.6679202949 221.059490356 1 90.0 0.0 3.0 6.5 90.0 120.0 False 4.0 180.0 120.0 2.0 3.0 left
39 349.684571389 78.7313217308 -1 90.0 0.0 3.0 6.5 90.0 120.0 False 4.0 180.0 120.0 3.5 3.0 left
40 23.0043270332 342.344210171 -1 90.0 0.0 3.0 6.5 90.0 120.0 True 4.0 180.0 120.0 2.25 3.0 right
41 173.780660703 181.46185533 1 90.0 0.0 3.0 6.5 90.0 120.0 True 4.0 180.0 120.0 3.5 3.0 right
42 113.194830408 194.618063115 -1 90.0 0.0 3.0 6.5 90.0 120.0 True 4.0 180.0 120.0 3.25 3.0 right
43 124.128631825 55.6884348755 1 90.0 0.0 3.0 6.5 90.0 120.0 True 4.0 180.0 120.0 3.25 3.0 right
44 118.038658288 179.685769654 1 90.0 0.0 3.0 6.5 90.0 120.0 True 4.0 180.0 120.0 2.0 3.0 right
45 337.809369097 127.713806344 1 90.0 0.0 3.0 6.5 90.0 120.0 False 4.0 180.0 120.0 3.25 3.0 left
46 42.9844873351 94.1199448232 1 90.0 0.0 3.0 6.5 90.0 120.0 False 4.0 180.0 120.0 3.5 3.0 left
47 342.022516298 49.3584319026 1 90.0 0.0 3.0 6.5 90.0 120.0 True 4.0 180.0 120.0 2.75 3.0 right
48 199.85074943 349.047626442 1 90.0 0.0 3.0 6.5 90.0 120.0 False 4.0 180.0 120.0 3.0 3.0 left
49 105.039771738 348.215508525 1 90.0 0.0 3.0 6.5 90.0 120.0 False 4.0 180.0 120.0 2.5 3.0 left
50 89.3665036336 259.139327058 -1 90.0 0.0 3.0 6.5 90.0 120.0 False 4.0 180.0 120.0 2.25 3.0 left
51 127.11920115 111.210548172 -1 90.0 0.0 3.0 6.5 90.0 120.0 True 4.0 180.0 120.0 3.0 3.0 right
52 252.63683894 330.97395758 -1 90.0 0.0 3.0 6.5 90.0 120.0 True 4.0 180.0 120.0 2.0 3.0 right
53 119.294125236 162.210972633 -1 90.0 0.0 3.0 6.5 90.0 120.0 False 4.0 180.0 120.0 2.75 3.0 left
54 66.6403599149 354.755251949 1 90.0 0.0 3.0 6.5 90.0 120.0 False 4.0 180.0 120.0 2.75 3.0 left
55 39.0727563968 149.678907567 1 90.0 0.0 3.0 6.5 90.0 120.0 True 4.0 180.0 120.0 2.25 3.0 right
56 14.2619042205 157.170310914 -1 90.0 0.0 3.0 6.5 90.0 120.0 True 4.0 180.0 120.0 2.5 3.0 right
57 108.991017651 153.024158205 1 90.0 0.0 3.0 6.5 90.0 120.0 True 4.0 180.0 120.0 2.0 3.0 right
58 99.8641962439 114.415984795 -1 90.0 0.0 3.0 6.5 90.0 120.0 True 4.0 180.0 120.0 3.5 3.0 right
59 188.796443591 162.38134507 1 90.0 0.0 3.0 6.5 90.0 120.0 True 4.0 180.0 120.0 2.25 3.0 right
60 166.224248749 294.00306501 -1 90.0 0.0 3.0 6.5 90.0 120.0 True 4.0 180.0 120.0 2.75 3.0 right
61 181.658761462 136.8242076 -1 90.0 0.0 3.0 6.5 90.0 120.0 False 4.0 180.0 120.0 2.5 3.0 left
62 357.702869089 155.225616177 1 90.0 0.0 3.0 6.5 90.0 120.0 False 4.0 180.0 120.0 2.0 3.0 left
63 17.3430731029 118.798123975 1 90.0 0.0 3.0 6.5 90.0 120.0 False 4.0 180.0 120.0 3.0 3.0 left
64 110.838562678 301.524764303 -1 90.0 0.0 3.0 6.5 90.0 120.0 False 4.0 180.0 120.0 2.25 3.0 left
65 354.423958726 180.695028858 -1 90.0 0.0 3.0 6.5 90.0 120.0 False 4.0 180.0 120.0 3.5 3.0 left
66 32.7783026525 200.839758291 1 90.0 0.0 3.0 6.5 90.0 120.0 True 4.0 180.0 120.0 3.25 3.0 right
67 188.169460886 283.327073858 -1 90.0 0.0 3.0 6.5 90.0 120.0 True 4.0 180.0 120.0 2.25 3.0 right
68 44.5765778652 255.048940829 1 90.0 0.0 3.0 6.5 90.0 120.0 False 4.0 180.0 120.0 2.75 3.0 left
69 336.629637911 319.247707871 1 90.0 0.0 3.0 6.5 90.0 120.0 True 4.0 180.0 120.0 2.5 3.0 right
70 55.5490449313 239.069076327 -1 90.0 0.0 3.0 6.5 90.0 120.0 False 4.0 180.0 120.0 3.25 3.0 left
71 130.091737166 104.28129809 -1 90.0 0.0 3.0 6.5 90.0 120.0 False 4.0 180.0 120.0 2.0 3.0 left
72 98.7715841199 310.71855622 -1 90.0 0.0 3.0 6.5 90.0 120.0 False 4.0 180.0 120.0 2.75 3.0 left
73 38.506159962 103.064245239 -1 90.0 0.0 3.0 6.5 90.0 120.0 True 4.0 180.0 120.0 2.5 3.0 right
74 70.5084448559 238.507319843 -1 90.0 0.0 3.0 6.5 90.0 120.0 True 4.0 180.0 120.0 2.0 3.0 right
75 351.291798382 17.2412331749 -1 90.0 0.0 3.0 6.5 90.0 120.0 True 4.0 180.0 120.0 3.0 3.0 right
76 342.188115268 58.7595040565 1 90.0 0.0 3.0 6.5 90.0 120.0 False 4.0 180.0 120.0 3.5 3.0 left
77 129.900173649 281.067579753 1 90.0 0.0 3.0 6.5 90.0 120.0 False 4.0 180.0 120.0 3.25 3.0 left
78 149.792863175 221.2866523 1 90.0 0.0 3.0 6.5 90.0 120.0 True 4.0 180.0 120.0 3.0 3.0 right
79 254.677201042 113.504128731 1 90.0 0.0 3.0 6.5 90.0 120.0 True 4.0 180.0 120.0 2.75 3.0 right
80 163.688443925 335.934634005 1 90.0 0.0 3.0 6.5 90.0 120.0 False 4.0 180.0 120.0 2.5 3.0 left
81 250.248451594 225.658037843 1 90.0 0.0 3.0 6.5 90.0 120.0 False 4.0 180.0 120.0 2.25 3.0 left
82 356.647002498 19.0477442405 -1 90.0 0.0 3.0 6.5 90.0 120.0 False 4.0 180.0 120.0 3.0 3.0 left
83 304.205885791 237.286317513 -1 90.0 0.0 3.0 6.5 90.0 120.0 True 4.0 180.0 120.0 3.25 3.0 right
84 240.450967241 54.099532332 1 90.0 0.0 3.0 6.5 90.0 120.0 True 4.0 180.0 120.0 3.5 3.0 right
