trial angleIni angleLandmark direction durationRampingIni durationFinal sizeLandmark radiusLandmark durationRampingFinal durationIni same radius duration durationRampingLand freq size response
1 359.923485125 220.537094732 1 90.0 120.0 3.0 6.5 90.0 120.0 False 4.0 180.0 120.0 2.5 3.0 right
2 246.545480004 244.598760229 1 90.0 120.0 3.0 6.5 90.0 120.0 False 4.0 180.0 120.0 1.0 3.0 left
3 291.990815007 209.528708937 -1 90.0 120.0 3.0 6.5 90.0 120.0 False 4.0 180.0 120.0 0.75 3.0 left
4 89.478182467 135.241625614 -1 90.0 120.0 3.0 6.5 90.0 120.0 True 4.0 180.0 120.0 1.75 3.0 right
5 140.209131161 14.7581883826 1 90.0 120.0 3.0 6.5 90.0 120.0 False 4.0 180.0 120.0 2.25 3.0 right
6 37.7269789539 157.670508982 1 90.0 120.0 3.0 6.5 90.0 120.0 True 4.0 180.0 120.0 1.75 3.0 right
7 121.121571435 106.881646615 1 90.0 120.0 3.0 6.5 90.0 120.0 False 4.0 180.0 120.0 0.75 3.0 left
8 273.8337352 223.241376745 -1 90.0 120.0 3.0 6.5 90.0 120.0 False 4.0 180.0 120.0 1.25 3.0 left
9 297.589508519 59.111577083 -1 90.0 120.0 3.0 6.5 90.0 120.0 False 4.0 180.0 120.0 1.75 3.0 left
10 12.9211613425 218.827067185 -1 90.0 120.0 3.0 6.5 90.0 120.0 True 4.0 180.0 120.0 3.0 3.0 right
11 75.3235896489 304.034252123 1 90.0 120.0 3.0 6.5 90.0 120.0 True 4.0 180.0 120.0 3.5 3.0 left
12 105.011547565 257.842972619 -1 90.0 120.0 3.0 6.5 90.0 120.0 False 4.0 180.0 120.0 2.25 3.0 left
13 342.416195849 108.348068682 -1 90.0 120.0 3.0 6.5 90.0 120.0 False 4.0 180.0 120.0 3.5 3.0 right
14 155.063308227 59.1659068727 -1 90.0 120.0 3.0 6.5 90.0 120.0 False 4.0 180.0 120.0 2.5 3.0 left
15 175.08233767 211.364559316 1 90.0 120.0 3.0 6.5 90.0 120.0 True 4.0 180.0 120.0 2.25 3.0 right
16 306.315632395 317.436525125 1 90.0 120.0 3.0 6.5 90.0 120.0 True 4.0 180.0 120.0 2.5 3.0 right
17 172.920948882 24.3374578507 -1 90.0 120.0 3.0 6.5 90.0 120.0 True 4.0 180.0 120.0 2.75 3.0 right
18 48.3587899174 328.075239791 1 90.0 120.0 3.0 6.5 90.0 120.0 True 4.0 180.0 120.0 2.0 3.0 right
19 241.837778958 216.059634745 1 90.0 120.0 3.0 6.5 90.0 120.0 True 4.0 180.0 120.0 0.75 3.0 right
20 302.589025516 33.2706215355 1 90.0 120.0 3.0 6.5 90.0 120.0 False 4.0 180.0 120.0 3.0 3.0 left
21 116.317811834 32.6535773555 1 90.0 120.0 3.0 6.5 90.0 120.0 True 4.0 180.0 120.0 3.0 3.0 right
22 72.5856095702 45.0351950305 -1 90.0 120.0 3.0 6.5 90.0 120.0 True 4.0 180.0 120.0 1.5 3.0 right
23 226.927545918 351.459948143 -1 90.0 120.0 3.0 6.5 90.0 120.0 False 4.0 180.0 120.0 1.5 3.0 left
24 222.093426401 115.968887979 1 90.0 120.0 3.0 6.5 90.0 120.0 False 4.0 180.0 120.0 1.75 3.0 left
25 80.052721539 345.421905279 1 90.0 120.0 3.0 6.5 90.0 120.0 True 4.0 180.0 120.0 2.75 3.0 right
26 335.725978244 284.153046615 1 90.0 120.0 3.0 6.5 90.0 120.0 False 4.0 180.0 120.0 2.75 3.0 right
27 359.593349699 173.691742109 -1 90.0 120.0 3.0 6.5 90.0 120.0 True 4.0 180.0 120.0 2.0 3.0 right
28 27.2992079747 341.711373231 -1 90.0 120.0 3.0 6.5 90.0 120.0 True 4.0 180.0 120.0 2.25 3.0 left
29 194.454038296 243.218945778 1 90.0 120.0 3.0 6.5 90.0 120.0 True 4.0 180.0 120.0 1.0 3.0 right
30 113.8992085 105.403484532 1 90.0 120.0 3.0 6.5 90.0 120.0 True 4.0 180.0 120.0 1.25 3.0 right
31 107.211328804 323.418114769 1 90.0 120.0 3.0 6.5 90.0 120.0 False 4.0 180.0 120.0 3.25 3.0 right
32 354.027647723 67.3384184901 -1 90.0 120.0 3.0 6.5 90.0 120.0 True 4.0 180.0 120.0 2.5 3.0 right
33 282.019949519 347.345617814 1 90.0 120.0 3.0 6.5 90.0 120.0 True 4.0 180.0 120.0 1.5 3.0 right
34 43.6534709865 234.416584497 -1 90.0 120.0 3.0 6.5 90.0 120.0 False 4.0 180.0 120.0 2.75 3.0 left
35 153.84855525 303.842692902 -1 90.0 120.0 3.0 6.5 90.0 120.0 True 4.0 180.0 120.0 3.5 3.0 right
36 268.542923366 142.965106224 -1 90.0 120.0 3.0 6.5 90.0 120.0 True 4.0 180.0 120.0 1.25 3.0 right
37 122.152567963 56.0065012707 1 90.0 120.0 3.0 6.5 90.0 120.0 False 4.0 180.0 120.0 3.5 3.0 left
38 303.589880685 165.895882159 1 90.0 120.0 3.0 6.5 90.0 120.0 True 4.0 180.0 120.0 3.25 3.0 right
39 237.22436369 253.107819308 -1 90.0 120.0 3.0 6.5 90.0 120.0 True 4.0 180.0 120.0 3.25 3.0 right
40 347.89735752 28.6911660712 -1 90.0 120.0 3.0 6.5 90.0 120.0 False 4.0 180.0 120.0 1.0 3.0 left
41 221.059640218 84.0786485346 -1 90.0 120.0 3.0 6.5 90.0 120.0 False 4.0 180.0 120.0 3.25 3.0 right
42 237.628301289 123.813638701 -1 90.0 120.0 3.0 6.5 90.0 120.0 False 4.0 180.0 120.0 2.0 3.0 left
43 170.735989165 291.91141129 -1 90.0 120.0 3.0 6.5 90.0 120.0 True 4.0 180.0 120.0 1.0 3.0 right
44 180.8230186 71.710068318 1 90.0 120.0 3.0 6.5 90.0 120.0 False 4.0 180.0 120.0 2.0 3.0 right
45 230.676612105 176.128798609 -1 90.0 120.0 3.0 6.5 90.0 120.0 False 4.0 180.0 120.0 3.0 3.0 left
46 113.335717157 351.057673343 1 90.0 120.0 3.0 6.5 90.0 120.0 False 4.0 180.0 120.0 1.5 3.0 left
47 342.86100871 18.2188066591 1 90.0 120.0 3.0 6.5 90.0 120.0 False 4.0 180.0 120.0 1.25 3.0 left
48 89.3648177354 69.453239998 -1 90.0 120.0 3.0 6.5 90.0 120.0 True 4.0 180.0 120.0 0.75 3.0 right
49 158.507386178 267.452236629 1 90.0 120.0 3.0 6.5 90.0 120.0 True 4.0 180.0 120.0 3.0 3.0 left
50 3.96894075051 223.569026918 -1 90.0 120.0 3.0 6.5 90.0 120.0 True 4.0 180.0 120.0 1.0 3.0 right
51 200.360926727 299.778940513 1 90.0 120.0 3.0 6.5 90.0 120.0 False 4.0 180.0 120.0 1.25 3.0 left
52 119.834651831 277.027090446 -1 90.0 120.0 3.0 6.5 90.0 120.0 True 4.0 180.0 120.0 3.0 3.0 right
53 126.523985579 165.597302009 1 90.0 120.0 3.0 6.5 90.0 120.0 True 4.0 180.0 120.0 2.5 3.0 right
54 30.9959198163 243.44381798 1 90.0 120.0 3.0 6.5 90.0 120.0 False 4.0 180.0 120.0 1.5 3.0 left
55 198.725747813 327.938740544 1 90.0 120.0 3.0 6.5 90.0 120.0 True 4.0 180.0 120.0 2.0 3.0 right
56 128.1943668 323.078952505 1 90.0 120.0 3.0 6.5 90.0 120.0 True 4.0 180.0 120.0 1.75 3.0 right
57 184.725315593 195.644167557 -1 90.0 120.0 3.0 6.5 90.0 120.0 False 4.0 180.0 120.0 1.75 3.0 left
58 162.13027928 141.957708682 -1 90.0 120.0 3.0 6.5 90.0 120.0 True 4.0 180.0 120.0 3.5 3.0 right
59 91.8857738079 227.709563207 1 90.0 120.0 3.0 6.5 90.0 120.0 True 4.0 180.0 120.0 3.5 3.0 right
60 205.654306836 71.4483629425 -1 90.0 120.0 3.0 6.5 90.0 120.0 True 4.0 180.0 120.0 0.75 3.0 right
61 82.4748618479 228.217904165 -1 90.0 120.0 3.0 6.5 90.0 120.0 False 4.0 180.0 120.0 2.5 3.0 left
62 127.813461865 300.063109744 1 90.0 120.0 3.0 6.5 90.0 120.0 True 4.0 180.0 120.0 0.75 3.0 right
63 318.627362773 175.963298467 1 90.0 120.0 3.0 6.5 90.0 120.0 False 4.0 180.0 120.0 1.0 3.0 left
64 24.1187138603 155.921147504 -1 90.0 120.0 3.0 6.5 90.0 120.0 True 4.0 180.0 120.0 2.75 3.0 right
65 100.954602078 184.482172443 -1 90.0 120.0 3.0 6.5 90.0 120.0 True 4.0 180.0 120.0 2.0 3.0 right
66 254.054155253 333.301808326 -1 90.0 120.0 3.0 6.5 90.0 120.0 False 4.0 180.0 120.0 2.25 3.0 left
67 182.598002689 307.668467074 -1 90.0 120.0 3.0 6.5 90.0 120.0 True 4.0 180.0 120.0 2.25 3.0 left
68 140.681447741 189.911793736 -1 90.0 120.0 3.0 6.5 90.0 120.0 True 4.0 180.0 120.0 1.5 3.0 right
69 213.985670705 134.797433211 -1 90.0 120.0 3.0 6.5 90.0 120.0 False 4.0 180.0 120.0 3.25 3.0 right
70 99.5091573529 234.554301468 1 90.0 120.0 3.0 6.5 90.0 120.0 True 4.0 180.0 120.0 1.25 3.0 right
71 177.095097739 232.796117822 -1 90.0 120.0 3.0 6.5 90.0 120.0 False 4.0 180.0 120.0 0.75 3.0 left
72 334.235219861 99.9146279236 -1 90.0 120.0 3.0 6.5 90.0 120.0 False 4.0 180.0 120.0 3.0 3.0 right
73 257.04425319 155.983570966 1 90.0 120.0 3.0 6.5 90.0 120.0 True 4.0 180.0 120.0 2.75 3.0 right
74 112.029853443 230.708535032 -1 90.0 120.0 3.0 6.5 90.0 120.0 True 4.0 180.0 120.0 2.5 3.0 right
75 358.698554438 78.0882679008 -1 90.0 120.0 3.0 6.5 90.0 120.0 True 4.0 180.0 120.0 3.25 3.0 right
76 124.854776195 152.155007698 1 90.0 120.0 3.0 6.5 90.0 120.0 False 4.0 180.0 120.0 0.75 3.0 left
77 306.81358844 345.138856871 1 90.0 120.0 3.0 6.5 90.0 120.0 False 4.0 180.0 120.0 2.5 3.0 right
78 344.82142997 80.5495662263 -1 90.0 120.0 3.0 6.5 90.0 120.0 False 4.0 180.0 120.0 1.5 3.0 left
79 165.912260793 149.5550918 1 90.0 120.0 3.0 6.5 90.0 120.0 True 4.0 180.0 120.0 1.5 3.0 right
80 335.583027895 157.392920675 1 90.0 120.0 3.0 6.5 90.0 120.0 True 4.0 180.0 120.0 2.25 3.0 right
81 125.053273139 304.262666633 1 90.0 120.0 3.0 6.5 90.0 120.0 False 4.0 180.0 120.0 3.5 3.0 right
82 247.582603536 216.146576802 -1 90.0 120.0 3.0 6.5 90.0 120.0 True 4.0 180.0 120.0 1.25 3.0 right
83 168.463309259 224.437898389 1 90.0 120.0 3.0 6.5 90.0 120.0 False 4.0 180.0 120.0 3.0 3.0 right
84 281.422612104 200.878408087 1 90.0 120.0 3.0 6.5 90.0 120.0 False 4.0 180.0 120.0 3.25 3.0 left
85 39.970617332 90.4467321429 1 90.0 120.0 3.0 6.5 90.0 120.0 False 4.0 180.0 120.0 2.0 3.0 left
86 53.584135834 232.812197373 1 90.0 120.0 3.0 6.5 90.0 120.0 False 4.0 180.0 120.0 2.25 3.0 left
87 173.64127969 97.8823510573 1 90.0 120.0 3.0 6.5 90.0 120.0 True 4.0 180.0 120.0 1.0 3.0 right
88 18.5468271945 229.129742533 -1 90.0 120.0 3.0 6.5 90.0 120.0 False 4.0 180.0 120.0 1.25 3.0 left
89 114.198616832 283.476006374 -1 90.0 120.0 3.0 6.5 90.0 120.0 False 4.0 180.0 120.0 2.75 3.0 right
90 293.565254286 26.1105960127 1 90.0 120.0 3.0 6.5 90.0 120.0 False 4.0 180.0 120.0 1.75 3.0 left
91 288.714812117 48.7892481808 1 90.0 120.0 3.0 6.5 90.0 120.0 True 4.0 180.0 120.0 3.25 3.0 right
92 42.8569071905 46.5748175029 1 90.0 120.0 3.0 6.5 90.0 120.0 False 4.0 180.0 120.0 2.75 3.0 right
93 329.199694786 101.596766918 -1 90.0 120.0 3.0 6.5 90.0 120.0 False 4.0 180.0 120.0 2.0 3.0 left
94 145.129541797 88.7603350146 -1 90.0 120.0 3.0 6.5 90.0 120.0 True 4.0 180.0 120.0 1.75 3.0 right
95 107.306782984 355.672285781 -1 90.0 120.0 3.0 6.5 90.0 120.0 False 4.0 180.0 120.0 3.5 3.0 right
96 156.023427623 3.79916432072 -1 90.0 120.0 3.0 6.5 90.0 120.0 False 4.0 180.0 120.0 1.0 3.0 left
97 211.076595929 156.047794876 -1 90.0 120.0 3.0 6.5 90.0 120.0 True 4.0 180.0 120.0 2.0 3.0 right
98 16.2447876214 210.678195097 1 90.0 120.0 3.0 6.5 90.0 120.0 True 4.0 180.0 120.0 0.75 3.0 right
99 238.327659952 357.651626051 -1 90.0 120.0 3.0 6.5 90.0 120.0 False 4.0 180.0 120.0 1.75 3.0 left
100 62.4277907589 151.13575925 -1 90.0 120.0 3.0 6.5 90.0 120.0 True 4.0 180.0 120.0 3.5 3.0 right
101 339.237490228 66.5268895712 -1 90.0 120.0 3.0 6.5 90.0 120.0 True 4.0 180.0 120.0 1.0 3.0 right
102 67.8789422639 50.097654927 1 90.0 120.0 3.0 6.5 90.0 120.0 True 4.0 180.0 120.0 2.5 3.0 right
103 208.590809722 355.286569063 -1 90.0 120.0 3.0 6.5 90.0 120.0 True 4.0 180.0 120.0 2.75 3.0 right
104 9.9961953498 233.434795616 1 90.0 120.0 3.0 6.5 90.0 120.0 True 4.0 180.0 120.0 3.25 3.0 right
105 110.555554199 231.80227301 1 90.0 120.0 3.0 6.5 90.0 120.0 True 4.0 180.0 120.0 1.25 3.0 right
106 6.84702623768 271.23132634 -1 90.0 120.0 3.0 6.5 90.0 120.0 True 4.0 180.0 120.0 1.25 3.0 left
107 357.720495596 52.3266113554 1 90.0 120.0 3.0 6.5 90.0 120.0 False 4.0 180.0 120.0 2.5 3.0 right
108 291.768988838 264.677439664 1 90.0 120.0 3.0 6.5 90.0 120.0 False 4.0 180.0 120.0 1.0 3.0 left
109 295.993803552 355.253273655 -1 90.0 120.0 3.0 6.5 90.0 120.0 True 4.0 180.0 120.0 3.0 3.0 left
110 247.796725049 98.1030805939 -1 90.0 120.0 3.0 6.5 90.0 120.0 True 4.0 180.0 120.0 3.25 3.0 right
111 202.179471299 182.861664206 1 90.0 120.0 3.0 6.5 90.0 120.0 False 4.0 180.0 120.0 3.25 3.0 right
112 128.382600734 3.35352847825 1 90.0 120.0 3.0 6.5 90.0 120.0 True 4.0 180.0 120.0 2.25 3.0 right
113 277.960675104 205.387546806 -1 90.0 120.0 3.0 6.5 90.0 120.0 False 4.0 180.0 120.0 2.0 3.0 left
114 214.458718046 229.541539416 1 90.0 120.0 3.0 6.5 90.0 120.0 False 4.0 180.0 120.0 1.25 3.0 left
115 47.730389283 1.28502180202 -1 90.0 120.0 3.0 6.5 90.0 120.0 False 4.0 180.0 120.0 0.75 3.0 left
116 56.0985155113 279.002743866 -1 90.0 120.0 3.0 6.5 90.0 120.0 False 4.0 180.0 120.0 3.25 3.0 right
117 329.290548063 184.519925974 1 90.0 120.0 3.0 6.5 90.0 120.0 True 4.0 180.0 120.0 3.0 3.0 right
118 27.5763793686 91.7195189391 1 90.0 120.0 3.0 6.5 90.0 120.0 False 4.0 180.0 120.0 3.5 3.0 right
119 338.320658283 222.289230641 -1 90.0 120.0 3.0 6.5 90.0 120.0 False 4.0 180.0 120.0 2.75 3.0 left
120 257.934442292 267.661299295 1 90.0 120.0 3.0 6.5 90.0 120.0 True 4.0 180.0 120.0 3.5 3.0 left
121 250.297489886 227.06304247 -1 90.0 120.0 3.0 6.5 90.0 120.0 False 4.0 180.0 120.0 3.5 3.0 right
122 309.278719391 189.018406386 1 90.0 120.0 3.0 6.5 90.0 120.0 False 4.0 180.0 120.0 2.25 3.0 left
123 311.075465573 324.390505589 1 90.0 120.0 3.0 6.5 90.0 120.0 True 4.0 180.0 120.0 2.0 3.0 right
124 87.514659131 134.53868347 1 90.0 120.0 3.0 6.5 90.0 120.0 True 4.0 180.0 120.0 1.0 3.0 right
125 111.28886442 60.8245402955 -1 90.0 120.0 3.0 6.5 90.0 120.0 False 4.0 180.0 120.0 3.0 3.0 right
126 110.638208196 296.666283928 -1 90.0 120.0 3.0 6.5 90.0 120.0 False 4.0 180.0 120.0 1.0 3.0 left
127 156.484754081 153.884212425 -1 90.0 120.0 3.0 6.5 90.0 120.0 False 4.0 180.0 120.0 2.5 3.0 left
128 295.059198212 356.122430634 1 90.0 120.0 3.0 6.5 90.0 120.0 True 4.0 180.0 120.0 2.75 3.0 right
129 92.6096660768 55.6145689716 1 90.0 120.0 3.0 6.5 90.0 120.0 False 4.0 180.0 120.0 1.5 3.0 left
130 346.353005908 340.073947701 1 90.0 120.0 3.0 6.5 90.0 120.0 False 4.0 180.0 120.0 2.0 3.0 left
131 333.07969795 317.484710279 -1 90.0 120.0 3.0 6.5 90.0 120.0 True 4.0 180.0 120.0 0.75 3.0 right
132 200.591895452 253.875619661 -1 90.0 120.0 3.0 6.5 90.0 120.0 True 4.0 180.0 120.0 1.75 3.0 right
133 92.635061556 80.7453490685 1 90.0 120.0 3.0 6.5 90.0 120.0 False 4.0 180.0 120.0 1.75 3.0 left
134 326.395099666 140.136164326 1 90.0 120.0 3.0 6.5 90.0 120.0 False 4.0 180.0 120.0 0.75 3.0 left
135 185.551497292 76.8793522752 -1 90.0 120.0 3.0 6.5 90.0 120.0 False 4.0 180.0 120.0 1.5 3.0 left
136 11.7031625218 346.171030853 -1 90.0 120.0 3.0 6.5 90.0 120.0 True 4.0 180.0 120.0 2.5 3.0 right
137 50.6578616446 353.853847392 1 90.0 120.0 3.0 6.5 90.0 120.0 False 4.0 180.0 120.0 3.0 3.0 right
138 57.3840539181 252.165067017 -1 90.0 120.0 3.0 6.5 90.0 120.0 False 4.0 180.0 120.0 2.25 3.0 left
139 37.750418026 208.930621401 -1 90.0 120.0 3.0 6.5 90.0 120.0 True 4.0 180.0 120.0 2.25 3.0 right
140 338.407325754 85.8143823239 1 90.0 120.0 3.0 6.5 90.0 120.0 True 4.0 180.0 120.0 1.75 3.0 right
141 49.2427718666 77.8465317743 -1 90.0 120.0 3.0 6.5 90.0 120.0 False 4.0 180.0 120.0 1.25 3.0 right
142 344.816735986 186.295840493 1 90.0 120.0 3.0 6.5 90.0 120.0 True 4.0 180.0 120.0 1.5 3.0 right
143 183.867414508 70.9241005867 -1 90.0 120.0 3.0 6.5 90.0 120.0 True 4.0 180.0 120.0 1.5 3.0 right
144 176.765821347 77.0264462852 1 90.0 120.0 3.0 6.5 90.0 120.0 False 4.0 180.0 120.0 2.75 3.0 left
