trial angleIni angleLandmark direction durationRampingIni durationFinal sizeLandmark radiusLandmark durationRampingFinal durationIni same radius duration durationRampingLand freq size response
1 250.60482825 283.796301574 -1 90.0 120.0 3.0 6.5 90.0 120.0 True 4.0 180.0 120.0 2.5 3.0 right
2 189.479801678 358.743089678 -1 90.0 120.0 3.0 6.5 90.0 120.0 True 4.0 180.0 120.0 1.75 3.0 right
3 204.259784469 187.530670787 1 90.0 120.0 3.0 6.5 90.0 120.0 False 4.0 180.0 120.0 1.0 3.0 left
4 26.5737636652 118.619845144 -1 90.0 120.0 3.0 6.5 90.0 120.0 True 4.0 180.0 120.0 1.25 3.0 right
5 38.0818141961 339.377063142 -1 90.0 120.0 3.0 6.5 90.0 120.0 False 4.0 180.0 120.0 1.0 3.0 left
6 94.9999800614 168.663040941 -1 90.0 120.0 3.0 6.5 90.0 120.0 False 4.0 180.0 120.0 3.0 3.0 right
7 179.480021025 204.791589086 1 90.0 120.0 3.0 6.5 90.0 120.0 False 4.0 180.0 120.0 2.75 3.0 left
8 149.532531397 352.328928426 -1 90.0 120.0 3.0 6.5 90.0 120.0 False 4.0 180.0 120.0 1.25 3.0 left
9 164.592191315 90.3356871471 1 90.0 120.0 3.0 6.5 90.0 120.0 False 4.0 180.0 120.0 2.0 3.0 left
10 323.119658978 263.308554468 -1 90.0 120.0 3.0 6.5 90.0 120.0 False 4.0 180.0 120.0 2.0 3.0 right
11 110.171798471 34.7220269722 -1 90.0 120.0 3.0 6.5 90.0 120.0 True 4.0 180.0 120.0 2.25 3.0 left
12 355.361698218 266.671945402 1 90.0 120.0 3.0 6.5 90.0 120.0 True 4.0 180.0 120.0 1.25 3.0 right
13 337.988320306 286.682128549 1 90.0 120.0 3.0 6.5 90.0 120.0 True 4.0 180.0 120.0 1.0 3.0 right
14 253.327584517 283.33148654 -1 90.0 120.0 3.0 6.5 90.0 120.0 False 4.0 180.0 120.0 2.5 3.0 right
15 73.0700603109 58.8868223421 -1 90.0 120.0 3.0 6.5 90.0 120.0 True 4.0 180.0 120.0 1.5 3.0 left
16 288.247154784 305.479236364 1 90.0 120.0 3.0 6.5 90.0 120.0 True 4.0 180.0 120.0 1.5 3.0 left
17 176.216490634 48.6210513175 1 90.0 120.0 3.0 6.5 90.0 120.0 False 4.0 180.0 120.0 1.75 3.0 right
18 301.660354977 175.039806435 1 90.0 120.0 3.0 6.5 90.0 120.0 False 4.0 180.0 120.0 1.5 3.0 left
19 299.765803472 91.4394974873 1 90.0 120.0 3.0 6.5 90.0 120.0 True 4.0 180.0 120.0 1.75 3.0 right
20 69.9313831122 133.834486066 -1 90.0 120.0 3.0 6.5 90.0 120.0 False 4.0 180.0 120.0 2.25 3.0 left
21 292.155760421 206.851699711 1 90.0 120.0 3.0 6.5 90.0 120.0 True 4.0 180.0 120.0 2.5 3.0 left
22 130.557748876 141.077947872 1 90.0 120.0 3.0 6.5 90.0 120.0 True 4.0 180.0 120.0 2.75 3.0 right
23 125.169412033 349.883981268 -1 90.0 120.0 3.0 6.5 90.0 120.0 True 4.0 180.0 120.0 1.0 3.0 right
24 58.1845372035 183.416108793 -1 90.0 120.0 3.0 6.5 90.0 120.0 False 4.0 180.0 120.0 1.75 3.0 left
25 130.11794456 149.183312744 1 90.0 120.0 3.0 6.5 90.0 120.0 False 4.0 180.0 120.0 3.0 3.0 left
26 194.403818008 159.266891792 -1 90.0 120.0 3.0 6.5 90.0 120.0 True 4.0 180.0 120.0 3.0 3.0 right
27 171.590242245 327.885035445 1 90.0 120.0 3.0 6.5 90.0 120.0 False 4.0 180.0 120.0 1.25 3.0 left
28 210.86707345 163.170354985 -1 90.0 120.0 3.0 6.5 90.0 120.0 True 4.0 180.0 120.0 2.75 3.0 right
29 16.0567218816 160.122456263 -1 90.0 120.0 3.0 6.5 90.0 120.0 False 4.0 180.0 120.0 1.5 3.0 right
30 182.63368292 281.440120352 -1 90.0 120.0 3.0 6.5 90.0 120.0 True 4.0 180.0 120.0 2.0 3.0 left
31 267.628557553 82.6510759114 1 90.0 120.0 3.0 6.5 90.0 120.0 True 4.0 180.0 120.0 3.0 3.0 left
32 176.472613238 265.850191332 1 90.0 120.0 3.0 6.5 90.0 120.0 False 4.0 180.0 120.0 2.5 3.0 right
33 82.5854529231 247.246002226 -1 90.0 120.0 3.0 6.5 90.0 120.0 False 4.0 180.0 120.0 2.75 3.0 right
34 357.189544751 305.256589893 1 90.0 120.0 3.0 6.5 90.0 120.0 False 4.0 180.0 120.0 2.25 3.0 right
35 222.164051106 28.1973415406 1 90.0 120.0 3.0 6.5 90.0 120.0 True 4.0 180.0 120.0 2.0 3.0 left
36 241.459745032 247.116299449 1 90.0 120.0 3.0 6.5 90.0 120.0 True 4.0 180.0 120.0 2.25 3.0 left
37 145.089027384 61.9354622479 -1 90.0 120.0 3.0 6.5 90.0 120.0 False 4.0 180.0 120.0 1.25 3.0 left
38 0.667809762092 346.76833088 1 90.0 120.0 3.0 6.5 90.0 120.0 False 4.0 180.0 120.0 1.75 3.0 left
39 321.942550414 341.225931086 -1 90.0 120.0 3.0 6.5 90.0 120.0 True 4.0 180.0 120.0 3.0 3.0 right
40 65.504822045 182.865731458 -1 90.0 120.0 3.0 6.5 90.0 120.0 False 4.0 180.0 120.0 1.5 3.0 left
41 69.0864736401 135.346085596 -1 90.0 120.0 3.0 6.5 90.0 120.0 True 4.0 180.0 120.0 2.0 3.0 right
42 199.11218002 304.094485114 -1 90.0 120.0 3.0 6.5 90.0 120.0 False 4.0 180.0 120.0 2.5 3.0 left
43 195.134183746 25.4708679106 1 90.0 120.0 3.0 6.5 90.0 120.0 False 4.0 180.0 120.0 2.75 3.0 right
44 303.475683414 330.76870533 1 90.0 120.0 3.0 6.5 90.0 120.0 True 4.0 180.0 120.0 2.0 3.0 left
45 87.0138601882 348.386073397 1 90.0 120.0 3.0 6.5 90.0 120.0 True 4.0 180.0 120.0 1.5 3.0 left
46 256.084083312 356.213917218 1 90.0 120.0 3.0 6.5 90.0 120.0 False 4.0 180.0 120.0 2.5 3.0 left
47 43.9350063601 290.788325186 1 90.0 120.0 3.0 6.5 90.0 120.0 False 4.0 180.0 120.0 1.25 3.0 left
48 55.8197386339 197.115337628 -1 90.0 120.0 3.0 6.5 90.0 120.0 False 4.0 180.0 120.0 1.75 3.0 right
49 140.805216442 260.868468213 -1 90.0 120.0 3.0 6.5 90.0 120.0 False 4.0 180.0 120.0 1.0 3.0 left
50 316.208794542 331.411399195 1 90.0 120.0 3.0 6.5 90.0 120.0 False 4.0 180.0 120.0 1.0 3.0 left
51 340.194133057 217.139754798 -1 90.0 120.0 3.0 6.5 90.0 120.0 True 4.0 180.0 120.0 2.75 3.0 left
52 84.1524113218 57.483390149 -1 90.0 120.0 3.0 6.5 90.0 120.0 False 4.0 180.0 120.0 2.75 3.0 right
53 111.907994397 201.787500671 1 90.0 120.0 3.0 6.5 90.0 120.0 True 4.0 180.0 120.0 2.75 3.0 left
54 191.022438038 149.24381324 -1 90.0 120.0 3.0 6.5 90.0 120.0 True 4.0 180.0 120.0 1.0 3.0 right
55 252.106040946 318.467308103 1 90.0 120.0 3.0 6.5 90.0 120.0 False 4.0 180.0 120.0 2.0 3.0 right
56 102.405335652 26.175142474 1 90.0 120.0 3.0 6.5 90.0 120.0 False 4.0 180.0 120.0 3.0 3.0 left
57 12.0737778015 22.0828152751 -1 90.0 120.0 3.0 6.5 90.0 120.0 True 4.0 180.0 120.0 1.5 3.0 right
58 53.1659739181 68.0864445586 1 90.0 120.0 3.0 6.5 90.0 120.0 True 4.0 180.0 120.0 2.5 3.0 left
59 76.7504568698 307.734936363 1 90.0 120.0 3.0 6.5 90.0 120.0 True 4.0 180.0 120.0 3.0 3.0 left
60 223.268172901 264.413289975 -1 90.0 120.0 3.0 6.5 90.0 120.0 True 4.0 180.0 120.0 2.5 3.0 right
61 347.996322399 282.847353775 1 90.0 120.0 3.0 6.5 90.0 120.0 True 4.0 180.0 120.0 1.0 3.0 right
62 278.16377871 257.464968148 -1 90.0 120.0 3.0 6.5 90.0 120.0 True 4.0 180.0 120.0 1.25 3.0 right
63 227.545026448 230.392039348 1 90.0 120.0 3.0 6.5 90.0 120.0 True 4.0 180.0 120.0 1.75 3.0 right
64 343.554175326 27.4262386945 1 90.0 120.0 3.0 6.5 90.0 120.0 False 4.0 180.0 120.0 1.5 3.0 right
65 210.993164202 176.10134941 -1 90.0 120.0 3.0 6.5 90.0 120.0 False 4.0 180.0 120.0 3.0 3.0 left
66 294.186942155 169.005200212 1 90.0 120.0 3.0 6.5 90.0 120.0 False 4.0 180.0 120.0 2.25 3.0 left
67 2.89869801818 219.626797441 -1 90.0 120.0 3.0 6.5 90.0 120.0 True 4.0 180.0 120.0 2.25 3.0 left
68 155.88934317 340.750356012 1 90.0 120.0 3.0 6.5 90.0 120.0 True 4.0 180.0 120.0 1.25 3.0 right
69 315.497305068 286.613245931 -1 90.0 120.0 3.0 6.5 90.0 120.0 False 4.0 180.0 120.0 2.0 3.0 right
70 26.1747958081 245.567965196 -1 90.0 120.0 3.0 6.5 90.0 120.0 True 4.0 180.0 120.0 1.75 3.0 right
71 324.391079647 97.6822631063 -1 90.0 120.0 3.0 6.5 90.0 120.0 False 4.0 180.0 120.0 2.25 3.0 right
72 328.088309964 252.669581226 1 90.0 120.0 3.0 6.5 90.0 120.0 True 4.0 180.0 120.0 2.25 3.0 left
73 327.714928837 162.031030208 -1 90.0 120.0 3.0 6.5 90.0 120.0 False 4.0 180.0 120.0 2.0 3.0 left
74 200.798177344 28.4744711596 1 90.0 120.0 3.0 6.5 90.0 120.0 False 4.0 180.0 120.0 2.25 3.0 right
75 183.977001387 249.509127048 -1 90.0 120.0 3.0 6.5 90.0 120.0 False 4.0 180.0 120.0 2.75 3.0 right
76 250.612031671 244.499823562 -1 90.0 120.0 3.0 6.5 90.0 120.0 True 4.0 180.0 120.0 3.0 3.0 left
77 279.548468882 212.933293508 1 90.0 120.0 3.0 6.5 90.0 120.0 True 4.0 180.0 120.0 3.0 3.0 left
78 278.929449009 308.940252151 1 90.0 120.0 3.0 6.5 90.0 120.0 False 4.0 180.0 120.0 1.75 3.0 left
79 239.937085885 40.5082129866 1 90.0 120.0 3.0 6.5 90.0 120.0 False 4.0 180.0 120.0 2.5 3.0 right
80 97.6594838055 228.284341723 1 90.0 120.0 3.0 6.5 90.0 120.0 False 4.0 180.0 120.0 3.0 3.0 left
81 344.963379016 312.484208271 1 90.0 120.0 3.0 6.5 90.0 120.0 False 4.0 180.0 120.0 2.0 3.0 right
82 286.822886947 35.1211209912 -1 90.0 120.0 3.0 6.5 90.0 120.0 False 4.0 180.0 120.0 3.0 3.0 left
83 24.3089977576 354.403623736 1 90.0 120.0 3.0 6.5 90.0 120.0 True 4.0 180.0 120.0 2.75 3.0 right
84 157.36074296 187.172877764 1 90.0 120.0 3.0 6.5 90.0 120.0 True 4.0 180.0 120.0 1.0 3.0 right
85 241.776671369 92.9771853911 -1 90.0 120.0 3.0 6.5 90.0 120.0 True 4.0 180.0 120.0 1.5 3.0 right
86 63.7114303203 233.300439308 1 90.0 120.0 3.0 6.5 90.0 120.0 False 4.0 180.0 120.0 1.25 3.0 left
87 35.968576826 186.042945915 1 90.0 120.0 3.0 6.5 90.0 120.0 True 4.0 180.0 120.0 2.5 3.0 left
88 11.9976515209 352.083193211 -1 90.0 120.0 3.0 6.5 90.0 120.0 False 4.0 180.0 120.0 2.25 3.0 right
89 201.976879158 325.259711239 -1 90.0 120.0 3.0 6.5 90.0 120.0 False 4.0 180.0 120.0 1.25 3.0 left
90 203.533456005 128.473665885 1 90.0 120.0 3.0 6.5 90.0 120.0 True 4.0 180.0 120.0 1.5 3.0 right
91 359.86061921 23.8175867199 1 90.0 120.0 3.0 6.5 90.0 120.0 True 4.0 180.0 120.0 1.75 3.0 right
92 16.9389629714 169.595484671 1 90.0 120.0 3.0 6.5 90.0 120.0 False 4.0 180.0 120.0 1.5 3.0 right
93 181.073187834 20.8528444929 -1 90.0 120.0 3.0 6.5 90.0 120.0 True 4.0 180.0 120.0 2.0 3.0 right
94 47.1309735861 311.037544369 -1 90.0 120.0 3.0 6.5 90.0 120.0 False 4.0 180.0 120.0 2.5 3.0 right
95 82.1002014273 114.101143846 -1 90.0 120.0 3.0 6.5 90.0 120.0 False 4.0 180.0 120.0 1.75 3.0 left
96 266.53375209 316.006875598 1 90.0 120.0 3.0 6.5 90.0 120.0 False 4.0 180.0 120.0 2.75 3.0 left
97 187.097552646 358.068841026 -1 90.0 120.0 3.0 6.5 90.0 120.0 True 4.0 180.0 120.0 1.0 3.0 right
98 9.57754347543 104.901336892 1 90.0 120.0 3.0 6.5 90.0 120.0 True 4.0 180.0 120.0 2.0 3.0 left
99 263.80462876 283.531076066 -1 90.0 120.0 3.0 6.5 90.0 120.0 True 4.0 180.0 120.0 2.5 3.0 left
100 332.242116732 302.959544495 -1 90.0 120.0 3.0 6.5 90.0 120.0 True 4.0 180.0 120.0 1.75 3.0 right
101 180.822090723 187.688158525 1 90.0 120.0 3.0 6.5 90.0 120.0 False 4.0 180.0 120.0 1.0 3.0 left
102 155.472021377 82.7141617243 -1 90.0 120.0 3.0 6.5 90.0 120.0 True 4.0 180.0 120.0 2.25 3.0 right
103 239.91988015 321.772990985 -1 90.0 120.0 3.0 6.5 90.0 120.0 False 4.0 180.0 120.0 1.0 3.0 left
104 350.342514661 96.6961425313 1 90.0 120.0 3.0 6.5 90.0 120.0 True 4.0 180.0 120.0 1.25 3.0 right
105 228.97466657 248.682957765 -1 90.0 120.0 3.0 6.5 90.0 120.0 True 4.0 180.0 120.0 2.75 3.0 right
106 83.0473116892 251.015925297 -1 90.0 120.0 3.0 6.5 90.0 120.0 True 4.0 180.0 120.0 1.25 3.0 right
107 306.05734846 226.229830922 -1 90.0 120.0 3.0 6.5 90.0 120.0 False 4.0 180.0 120.0 1.5 3.0 left
108 289.661475876 87.815961734 1 90.0 120.0 3.0 6.5 90.0 120.0 True 4.0 180.0 120.0 2.25 3.0 right
