trial angleIni angleLandmark direction durationRampingIni durationFinal sizeLandmark radiusLandmark durationRampingFinal durationIni same radius duration durationRampingLand freq size response
1 106.612521987 225.625907459 -1 90.0 0.0 3.0 6.5 90.0 120.0 False 4.0 180.0 120.0 2.5 3.0 left
2 332.140302051 208.63690892 1 90.0 0.0 3.0 6.5 90.0 120.0 True 4.0 180.0 120.0 2.25 3.0 right
3 259.391602581 247.25071034 -1 90.0 0.0 3.0 6.5 90.0 120.0 False 4.0 180.0 120.0 3.0 3.0 left
4 203.183907369 5.66437865246 -1 90.0 0.0 3.0 6.5 90.0 120.0 True 4.0 180.0 120.0 3.25 3.0 right
5 316.707811269 295.728214644 1 90.0 0.0 3.0 6.5 90.0 120.0 False 4.0 180.0 120.0 3.5 3.0 left
6 347.058834336 243.139638979 -1 90.0 0.0 3.0 6.5 90.0 120.0 True 4.0 180.0 120.0 2.25 3.0 right
7 217.979028754 41.9005991417 1 90.0 0.0 3.0 6.5 90.0 120.0 True 4.0 180.0 120.0 2.0 3.0 right
8 29.9333506215 347.287075412 1 90.0 0.0 3.0 6.5 90.0 120.0 True 4.0 180.0 120.0 3.25 3.0 right
9 122.062192982 9.20552612295 1 90.0 0.0 3.0 6.5 90.0 120.0 True 4.0 180.0 120.0 2.5 3.0 right
10 215.407793701 150.257557993 1 90.0 0.0 3.0 6.5 90.0 120.0 False 4.0 180.0 120.0 3.25 3.0 left
11 341.394438183 185.620991289 -1 90.0 0.0 3.0 6.5 90.0 120.0 False 4.0 180.0 120.0 2.25 3.0 left
12 310.464348253 286.594897777 -1 90.0 0.0 3.0 6.5 90.0 120.0 True 4.0 180.0 120.0 2.5 3.0 right
13 197.364101483 57.0927355399 1 90.0 0.0 3.0 6.5 90.0 120.0 False 4.0 180.0 120.0 2.25 3.0 left
14 76.6585420557 89.2484011111 1 90.0 0.0 3.0 6.5 90.0 120.0 True 4.0 180.0 120.0 2.75 3.0 right
15 254.251029536 210.289604329 -1 90.0 0.0 3.0 6.5 90.0 120.0 False 4.0 180.0 120.0 3.25 3.0 left
16 109.490695735 330.604949135 1 90.0 0.0 3.0 6.5 90.0 120.0 True 4.0 180.0 120.0 3.5 3.0 right
17 174.836174398 32.2452638553 -1 90.0 0.0 3.0 6.5 90.0 120.0 True 4.0 180.0 120.0 3.0 3.0 right
18 319.498801642 199.302109086 -1 90.0 0.0 3.0 6.5 90.0 120.0 False 4.0 180.0 120.0 2.75 3.0 left
19 67.7535007436 288.790213953 1 90.0 0.0 3.0 6.5 90.0 120.0 False 4.0 180.0 120.0 3.0 3.0 left
20 210.245460954 222.017526074 1 90.0 0.0 3.0 6.5 90.0 120.0 False 4.0 180.0 120.0 2.0 3.0 left
21 142.308755818 126.481729999 1 90.0 0.0 3.0 6.5 90.0 120.0 False 4.0 180.0 120.0 2.5 3.0 left
22 153.499651264 310.627730375 -1 90.0 0.0 3.0 6.5 90.0 120.0 True 4.0 180.0 120.0 2.0 3.0 right
23 232.373697188 152.636587583 -1 90.0 0.0 3.0 6.5 90.0 120.0 False 4.0 180.0 120.0 2.0 3.0 left
24 341.226195768 35.1734186709 1 90.0 0.0 3.0 6.5 90.0 120.0 True 4.0 180.0 120.0 3.0 3.0 right
25 58.1522055525 294.302034478 1 90.0 0.0 3.0 6.5 90.0 120.0 False 4.0 180.0 120.0 2.75 3.0 left
26 257.306912293 256.707359027 -1 90.0 0.0 3.0 6.5 90.0 120.0 True 4.0 180.0 120.0 2.75 3.0 right
27 305.970056753 317.097892072 -1 90.0 0.0 3.0 6.5 90.0 120.0 False 4.0 180.0 120.0 3.5 3.0 left
28 8.06038443194 136.625211415 -1 90.0 0.0 3.0 6.5 90.0 120.0 True 4.0 180.0 120.0 3.5 3.0 right
29 219.132973114 298.471252735 1 90.0 0.0 3.0 6.5 90.0 120.0 False 4.0 180.0 120.0 2.0 3.0 left
30 345.579793785 117.39207016 -1 90.0 0.0 3.0 6.5 90.0 120.0 True 4.0 180.0 120.0 3.0 3.0 right
31 296.204017246 275.661041539 1 90.0 0.0 3.0 6.5 90.0 120.0 True 4.0 180.0 120.0 2.75 3.0 right
32 342.935028058 1.62542014696 -1 90.0 0.0 3.0 6.5 90.0 120.0 False 4.0 180.0 120.0 3.25 3.0 left
33 187.64654896 46.2377636505 -1 90.0 0.0 3.0 6.5 90.0 120.0 False 4.0 180.0 120.0 2.5 3.0 left
34 326.470474722 35.3047081752 1 90.0 0.0 3.0 6.5 90.0 120.0 True 4.0 180.0 120.0 3.0 3.0 right
35 95.6765234392 127.737667002 -1 90.0 0.0 3.0 6.5 90.0 120.0 False 4.0 180.0 120.0 3.5 3.0 left
36 97.8545756906 115.061282787 -1 90.0 0.0 3.0 6.5 90.0 120.0 True 4.0 180.0 120.0 2.5 3.0 right
37 78.8970614642 37.3882980152 1 90.0 0.0 3.0 6.5 90.0 120.0 False 4.0 180.0 120.0 3.5 3.0 left
38 141.605164369 307.610145308 1 90.0 0.0 3.0 6.5 90.0 120.0 False 4.0 180.0 120.0 2.75 3.0 left
39 109.145789502 61.8866388868 -1 90.0 0.0 3.0 6.5 90.0 120.0 True 4.0 180.0 120.0 3.25 3.0 right
40 339.244888717 47.5981386839 1 90.0 0.0 3.0 6.5 90.0 120.0 True 4.0 180.0 120.0 3.25 3.0 right
41 332.776766195 173.649049967 1 90.0 0.0 3.0 6.5 90.0 120.0 True 4.0 180.0 120.0 2.0 3.0 right
42 192.536828118 25.6243692734 -1 90.0 0.0 3.0 6.5 90.0 120.0 False 4.0 180.0 120.0 2.25 3.0 left
43 117.939525233 271.862519064 1 90.0 0.0 3.0 6.5 90.0 120.0 True 4.0 180.0 120.0 2.5 3.0 right
44 258.276502786 43.9280326343 1 90.0 0.0 3.0 6.5 90.0 120.0 False 4.0 180.0 120.0 3.0 3.0 left
45 79.9362770126 353.609710766 -1 90.0 0.0 3.0 6.5 90.0 120.0 False 4.0 180.0 120.0 2.0 3.0 left
46 47.2702800586 182.689415442 1 90.0 0.0 3.0 6.5 90.0 120.0 True 4.0 180.0 120.0 3.5 3.0 right
47 242.702933752 96.2541439409 1 90.0 0.0 3.0 6.5 90.0 120.0 False 4.0 180.0 120.0 2.5 3.0 left
48 57.4778884201 307.488660872 -1 90.0 0.0 3.0 6.5 90.0 120.0 True 4.0 180.0 120.0 2.25 3.0 right
49 168.796881642 63.9545740592 1 90.0 0.0 3.0 6.5 90.0 120.0 False 4.0 180.0 120.0 2.25 3.0 left
50 294.522973887 80.6061528793 1 90.0 0.0 3.0 6.5 90.0 120.0 False 4.0 180.0 120.0 3.25 3.0 left
51 86.400666077 335.13674685 -1 90.0 0.0 3.0 6.5 90.0 120.0 True 4.0 180.0 120.0 3.5 3.0 right
52 33.3443305715 298.13073971 -1 90.0 0.0 3.0 6.5 90.0 120.0 True 4.0 180.0 120.0 2.0 3.0 right
53 322.429137669 58.2752493782 -1 90.0 0.0 3.0 6.5 90.0 120.0 False 4.0 180.0 120.0 2.75 3.0 left
54 118.169783797 34.6458288285 1 90.0 0.0 3.0 6.5 90.0 120.0 True 4.0 180.0 120.0 2.25 3.0 right
55 241.889665822 232.520754613 -1 90.0 0.0 3.0 6.5 90.0 120.0 True 4.0 180.0 120.0 2.75 3.0 right
56 333.365636702 351.419921218 -1 90.0 0.0 3.0 6.5 90.0 120.0 False 4.0 180.0 120.0 3.0 3.0 left
57 153.964833912 266.111264 -1 90.0 0.0 3.0 6.5 90.0 120.0 True 4.0 180.0 120.0 2.0 3.0 right
58 335.106685938 62.7114734314 -1 90.0 0.0 3.0 6.5 90.0 120.0 False 4.0 180.0 120.0 3.5 3.0 left
59 181.965398969 242.215889563 1 90.0 0.0 3.0 6.5 90.0 120.0 False 4.0 180.0 120.0 2.25 3.0 left
60 57.892204459 175.4473649 -1 90.0 0.0 3.0 6.5 90.0 120.0 False 4.0 180.0 120.0 2.0 3.0 left
61 217.652726118 199.570588639 -1 90.0 0.0 3.0 6.5 90.0 120.0 False 4.0 180.0 120.0 3.0 3.0 left
62 1.20323001974 159.800620745 1 90.0 0.0 3.0 6.5 90.0 120.0 True 4.0 180.0 120.0 3.0 3.0 right
63 250.607660879 188.702084279 -1 90.0 0.0 3.0 6.5 90.0 120.0 False 4.0 180.0 120.0 3.25 3.0 left
64 115.318304307 61.6191156467 -1 90.0 0.0 3.0 6.5 90.0 120.0 False 4.0 180.0 120.0 2.5 3.0 left
65 230.63520277 71.9555927549 1 90.0 0.0 3.0 6.5 90.0 120.0 True 4.0 180.0 120.0 3.25 3.0 right
66 150.507849984 101.087690531 -1 90.0 0.0 3.0 6.5 90.0 120.0 True 4.0 180.0 120.0 2.75 3.0 right
67 89.4860270171 24.7096902943 1 90.0 0.0 3.0 6.5 90.0 120.0 False 4.0 180.0 120.0 3.0 3.0 left
68 114.967097023 45.0735728815 1 90.0 0.0 3.0 6.5 90.0 120.0 False 4.0 180.0 120.0 2.75 3.0 left
69 118.467944651 293.35065743 -1 90.0 0.0 3.0 6.5 90.0 120.0 True 4.0 180.0 120.0 3.0 3.0 right
70 308.202542561 127.511816512 1 90.0 0.0 3.0 6.5 90.0 120.0 True 4.0 180.0 120.0 2.75 3.0 right
71 111.622339576 26.440831752 1 90.0 0.0 3.0 6.5 90.0 120.0 True 4.0 180.0 120.0 2.5 3.0 right
72 78.6736898585 229.919392148 1 90.0 0.0 3.0 6.5 90.0 120.0 True 4.0 180.0 120.0 2.0 3.0 right
73 39.994910103 114.97970369 1 90.0 0.0 3.0 6.5 90.0 120.0 False 4.0 180.0 120.0 3.5 3.0 left
74 143.771866115 217.692164772 -1 90.0 0.0 3.0 6.5 90.0 120.0 True 4.0 180.0 120.0 2.5 3.0 right
75 279.104685338 300.747350589 -1 90.0 0.0 3.0 6.5 90.0 120.0 True 4.0 180.0 120.0 3.5 3.0 right
76 298.720287468 140.863133399 1 90.0 0.0 3.0 6.5 90.0 120.0 False 4.0 180.0 120.0 2.5 3.0 left
77 168.596553635 142.519154261 1 90.0 0.0 3.0 6.5 90.0 120.0 False 4.0 180.0 120.0 3.25 3.0 left
78 140.026271879 348.957979542 -1 90.0 0.0 3.0 6.5 90.0 120.0 True 4.0 180.0 120.0 2.25 3.0 right
79 192.015663222 96.3414078355 -1 90.0 0.0 3.0 6.5 90.0 120.0 False 4.0 180.0 120.0 2.75 3.0 left
80 3.1623296632 129.093847762 -1 90.0 0.0 3.0 6.5 90.0 120.0 True 4.0 180.0 120.0 3.25 3.0 right
81 56.8229544867 237.781969289 1 90.0 0.0 3.0 6.5 90.0 120.0 False 4.0 180.0 120.0 2.0 3.0 left
82 104.373524231 340.136162621 -1 90.0 0.0 3.0 6.5 90.0 120.0 False 4.0 180.0 120.0 2.25 3.0 left
83 92.379817417 77.7423880597 1 90.0 0.0 3.0 6.5 90.0 120.0 True 4.0 180.0 120.0 2.25 3.0 right
84 154.075505675 228.043296381 1 90.0 0.0 3.0 6.5 90.0 120.0 True 4.0 180.0 120.0 3.5 3.0 right
