trial angleIni angleLandmark direction durationRampingIni durationFinal sizeLandmark radiusLandmark durationRampingFinal durationIni same radius duration durationRampingLand freq size response
1 68.634490908 9.32572023708 1 90.0 0.0 3.0 6.5 90.0 120.0 True 4.0 180.0 120.0 3.5 3.0 right
2 67.3902378712 344.988973964 -1 90.0 0.0 3.0 6.5 90.0 120.0 False 4.0 180.0 120.0 2.5 3.0 left
3 32.7581819088 346.081376953 -1 90.0 0.0 3.0 6.5 90.0 120.0 True 4.0 180.0 120.0 2.5 3.0 right
4 14.9097442723 121.20822447 1 90.0 0.0 3.0 6.5 90.0 120.0 False 4.0 180.0 120.0 3.5 3.0 left
5 61.318030622 318.270552787 1 90.0 0.0 3.0 6.5 90.0 120.0 False 4.0 180.0 120.0 2.5 3.0 left
6 48.2300875161 280.485246181 -1 90.0 0.0 3.0 6.5 90.0 120.0 True 4.0 180.0 120.0 2.75 3.0 right
7 128.704555365 106.416745982 1 90.0 0.0 3.0 6.5 90.0 120.0 True 4.0 180.0 120.0 2.75 3.0 right
8 49.5960844984 262.713485311 -1 90.0 0.0 3.0 6.5 90.0 120.0 False 4.0 180.0 120.0 3.0 3.0 left
9 181.694674369 325.039310606 -1 90.0 0.0 3.0 6.5 90.0 120.0 False 4.0 180.0 120.0 2.25 3.0 left
10 199.438470839 336.291355671 1 90.0 0.0 3.0 6.5 90.0 120.0 True 4.0 180.0 120.0 3.25 3.0 right
11 81.4364526481 107.817091325 1 90.0 0.0 3.0 6.5 90.0 120.0 True 4.0 180.0 120.0 2.25 3.0 right
12 326.921252709 124.234244579 1 90.0 0.0 3.0 6.5 90.0 120.0 False 4.0 180.0 120.0 2.75 3.0 left
13 346.178257062 86.1799040479 -1 90.0 0.0 3.0 6.5 90.0 120.0 True 4.0 180.0 120.0 2.0 3.0 right
14 321.118079311 35.491571765 -1 90.0 0.0 3.0 6.5 90.0 120.0 True 4.0 180.0 120.0 3.0 3.0 right
15 129.085350239 76.8147348154 -1 90.0 0.0 3.0 6.5 90.0 120.0 False 4.0 180.0 120.0 2.0 3.0 left
16 357.14067446 103.494120787 1 90.0 0.0 3.0 6.5 90.0 120.0 True 4.0 180.0 120.0 3.0 3.0 right
17 107.010451518 198.485740727 -1 90.0 0.0 3.0 6.5 90.0 120.0 False 4.0 180.0 120.0 2.75 3.0 left
18 34.4600412142 270.238982627 1 90.0 0.0 3.0 6.5 90.0 120.0 False 4.0 180.0 120.0 3.25 3.0 left
19 221.587373526 252.828282794 1 90.0 0.0 3.0 6.5 90.0 120.0 True 4.0 180.0 120.0 2.5 3.0 right
20 240.189558084 212.110531195 -1 90.0 0.0 3.0 6.5 90.0 120.0 True 4.0 180.0 120.0 3.25 3.0 right
21 355.264489632 252.08223356 -1 90.0 0.0 3.0 6.5 90.0 120.0 False 4.0 180.0 120.0 3.5 3.0 left
22 41.5708652107 230.77002607 1 90.0 0.0 3.0 6.5 90.0 120.0 False 4.0 180.0 120.0 2.0 3.0 left
23 123.640698562 35.5201170045 1 90.0 0.0 3.0 6.5 90.0 120.0 True 4.0 180.0 120.0 2.0 3.0 right
24 299.701217574 182.468072373 1 90.0 0.0 3.0 6.5 90.0 120.0 False 4.0 180.0 120.0 3.0 3.0 left
25 5.8455564997 355.764290026 -1 90.0 0.0 3.0 6.5 90.0 120.0 True 4.0 180.0 120.0 3.5 3.0 right
26 306.418206375 252.972784543 -1 90.0 0.0 3.0 6.5 90.0 120.0 False 4.0 180.0 120.0 3.25 3.0 left
27 43.5745039941 223.095565995 1 90.0 0.0 3.0 6.5 90.0 120.0 False 4.0 180.0 120.0 2.25 3.0 left
28 331.739269924 71.2164456439 -1 90.0 0.0 3.0 6.5 90.0 120.0 True 4.0 180.0 120.0 2.25 3.0 right
29 98.5359235277 284.584670188 -1 90.0 0.0 3.0 6.5 90.0 120.0 True 4.0 180.0 120.0 2.75 3.0 right
30 172.616645429 315.966833251 -1 90.0 0.0 3.0 6.5 90.0 120.0 True 4.0 180.0 120.0 3.5 3.0 left
31 7.40590046084 295.365011648 1 90.0 0.0 3.0 6.5 90.0 120.0 True 4.0 180.0 120.0 2.25 3.0 right
32 38.9064032535 229.054446825 1 90.0 0.0 3.0 6.5 90.0 120.0 True 4.0 180.0 120.0 2.75 3.0 right
33 307.394318184 18.1073991721 1 90.0 0.0 3.0 6.5 90.0 120.0 False 4.0 180.0 120.0 2.5 3.0 left
34 132.739298667 184.485482348 1 90.0 0.0 3.0 6.5 90.0 120.0 True 4.0 180.0 120.0 3.5 3.0 left
35 213.744886429 186.123208213 1 90.0 0.0 3.0 6.5 90.0 120.0 True 4.0 180.0 120.0 2.5 3.0 right
36 120.04747052 357.32281352 1 90.0 0.0 3.0 6.5 90.0 120.0 True 4.0 180.0 120.0 2.0 3.0 right
37 180.06770864 201.427327936 1 90.0 0.0 3.0 6.5 90.0 120.0 False 4.0 180.0 120.0 3.0 3.0 left
38 178.541179958 343.927499017 1 90.0 0.0 3.0 6.5 90.0 120.0 False 4.0 180.0 120.0 3.25 3.0 left
39 69.654518611 97.5555784709 -1 90.0 0.0 3.0 6.5 90.0 120.0 False 4.0 180.0 120.0 2.75 3.0 left
40 4.88798507682 254.479284265 1 90.0 0.0 3.0 6.5 90.0 120.0 True 4.0 180.0 120.0 3.0 3.0 right
41 235.827300453 312.436044944 1 90.0 0.0 3.0 6.5 90.0 120.0 False 4.0 180.0 120.0 3.5 3.0 left
42 314.06898457 198.347992999 -1 90.0 0.0 3.0 6.5 90.0 120.0 False 4.0 180.0 120.0 2.25 3.0 left
43 0.852644329752 266.738939543 1 90.0 0.0 3.0 6.5 90.0 120.0 False 4.0 180.0 120.0 2.25 3.0 left
44 353.355802213 93.3920949838 -1 90.0 0.0 3.0 6.5 90.0 120.0 True 4.0 180.0 120.0 3.0 3.0 right
45 78.5050599999 180.173169473 1 90.0 0.0 3.0 6.5 90.0 120.0 False 4.0 180.0 120.0 2.0 3.0 left
46 230.391678247 219.713868559 -1 90.0 0.0 3.0 6.5 90.0 120.0 False 4.0 180.0 120.0 3.25 3.0 left
47 213.73854722 52.8733272964 -1 90.0 0.0 3.0 6.5 90.0 120.0 False 4.0 180.0 120.0 3.0 3.0 left
48 90.497392303 130.401349951 1 90.0 0.0 3.0 6.5 90.0 120.0 False 4.0 180.0 120.0 2.75 3.0 left
49 46.104262257 258.026811702 -1 90.0 0.0 3.0 6.5 90.0 120.0 False 4.0 180.0 120.0 2.0 3.0 left
50 200.580102119 156.173436646 -1 90.0 0.0 3.0 6.5 90.0 120.0 True 4.0 180.0 120.0 3.25 3.0 right
51 109.005575647 242.310013081 -1 90.0 0.0 3.0 6.5 90.0 120.0 False 4.0 180.0 120.0 2.5 3.0 left
52 80.2285413253 165.538326339 -1 90.0 0.0 3.0 6.5 90.0 120.0 True 4.0 180.0 120.0 2.5 3.0 right
53 269.613589187 164.488292204 -1 90.0 0.0 3.0 6.5 90.0 120.0 True 4.0 180.0 120.0 2.25 3.0 right
54 259.015595317 222.933735021 1 90.0 0.0 3.0 6.5 90.0 120.0 True 4.0 180.0 120.0 3.25 3.0 right
55 289.168609524 307.087199475 -1 90.0 0.0 3.0 6.5 90.0 120.0 True 4.0 180.0 120.0 2.0 3.0 right
56 280.087605039 50.2937970125 -1 90.0 0.0 3.0 6.5 90.0 120.0 False 4.0 180.0 120.0 3.5 3.0 left
57 323.011573294 250.723737372 1 90.0 0.0 3.0 6.5 90.0 120.0 True 4.0 180.0 120.0 3.5 3.0 right
58 290.436383391 297.300676623 1 90.0 0.0 3.0 6.5 90.0 120.0 False 4.0 180.0 120.0 2.25 3.0 left
59 201.70149976 102.566171421 -1 90.0 0.0 3.0 6.5 90.0 120.0 False 4.0 180.0 120.0 3.5 3.0 left
60 273.436218848 75.9480622907 -1 90.0 0.0 3.0 6.5 90.0 120.0 True 4.0 180.0 120.0 2.75 3.0 right
61 200.660136138 44.506098791 1 90.0 0.0 3.0 6.5 90.0 120.0 False 4.0 180.0 120.0 3.25 3.0 left
62 230.195942829 82.0137217019 1 90.0 0.0 3.0 6.5 90.0 120.0 True 4.0 180.0 120.0 2.75 3.0 right
63 207.085324947 10.9598532246 1 90.0 0.0 3.0 6.5 90.0 120.0 False 4.0 180.0 120.0 2.5 3.0 left
64 131.53210886 182.706710047 -1 90.0 0.0 3.0 6.5 90.0 120.0 False 4.0 180.0 120.0 2.0 3.0 left
65 213.491685854 242.549432462 1 90.0 0.0 3.0 6.5 90.0 120.0 True 4.0 180.0 120.0 2.25 3.0 right
66 21.5774779615 265.196788173 -1 90.0 0.0 3.0 6.5 90.0 120.0 False 4.0 180.0 120.0 2.25 3.0 left
67 128.924272548 52.4319439124 -1 90.0 0.0 3.0 6.5 90.0 120.0 False 4.0 180.0 120.0 2.5 3.0 left
68 20.2666974566 127.99388596 1 90.0 0.0 3.0 6.5 90.0 120.0 False 4.0 180.0 120.0 2.0 3.0 left
69 241.098604167 284.445614248 -1 90.0 0.0 3.0 6.5 90.0 120.0 True 4.0 180.0 120.0 2.0 3.0 right
70 91.945679715 178.402199033 1 90.0 0.0 3.0 6.5 90.0 120.0 True 4.0 180.0 120.0 2.0 3.0 right
71 214.130325831 249.622084195 1 90.0 0.0 3.0 6.5 90.0 120.0 True 4.0 180.0 120.0 3.0 3.0 right
72 134.708352535 288.629609511 1 90.0 0.0 3.0 6.5 90.0 120.0 True 4.0 180.0 120.0 3.25 3.0 right
73 198.330074921 107.685739791 -1 90.0 0.0 3.0 6.5 90.0 120.0 False 4.0 180.0 120.0 2.75 3.0 left
74 16.2328605387 197.946026129 1 90.0 0.0 3.0 6.5 90.0 120.0 False 4.0 180.0 120.0 2.75 3.0 left
75 350.912329945 113.082437822 -1 90.0 0.0 3.0 6.5 90.0 120.0 True 4.0 180.0 120.0 3.0 3.0 right
76 93.3418901722 139.635063565 -1 90.0 0.0 3.0 6.5 90.0 120.0 True 4.0 180.0 120.0 2.25 3.0 right
77 7.30764587839 152.88042001 1 90.0 0.0 3.0 6.5 90.0 120.0 False 4.0 180.0 120.0 3.5 3.0 left
78 207.690950319 54.4879172782 -1 90.0 0.0 3.0 6.5 90.0 120.0 False 4.0 180.0 120.0 3.0 3.0 left
79 16.8280166179 2.2328805505 -1 90.0 0.0 3.0 6.5 90.0 120.0 True 4.0 180.0 120.0 3.5 3.0 right
80 145.19350422 32.7251908695 -1 90.0 0.0 3.0 6.5 90.0 120.0 False 4.0 180.0 120.0 3.25 3.0 left
81 15.2672328275 349.828381404 1 90.0 0.0 3.0 6.5 90.0 120.0 False 4.0 180.0 120.0 3.0 3.0 left
82 191.833304635 326.849254863 1 90.0 0.0 3.0 6.5 90.0 120.0 True 4.0 180.0 120.0 2.5 3.0 right
83 182.384056658 31.0137747224 -1 90.0 0.0 3.0 6.5 90.0 120.0 True 4.0 180.0 120.0 2.5 3.0 right
84 331.113619866 189.770806415 -1 90.0 0.0 3.0 6.5 90.0 120.0 True 4.0 180.0 120.0 3.25 3.0 right
