trial angleIni angleLandmark direction durationRampingIni durationFinal sizeLandmark radiusLandmark durationRampingFinal durationIni same radius duration durationRampingLand freq size response
1 190.758330748 98.4959484842 -1 90.0 120.0 3.0 6.5 90.0 120.0 False 4.0 180.0 120.0 1.75 3.0 left
2 20.1944994241 6.64533144491 1 90.0 120.0 3.0 6.5 90.0 120.0 False 4.0 180.0 120.0 2.5 3.0 left
3 137.46111453 11.7534142843 -1 90.0 120.0 3.0 6.5 90.0 120.0 True 4.0 180.0 120.0 2.0 3.0 right
4 146.268810882 350.210642376 1 90.0 120.0 3.0 6.5 90.0 120.0 True 4.0 180.0 120.0 1.5 3.0 right
5 231.969867679 243.772419 -1 90.0 120.0 3.0 6.5 90.0 120.0 False 4.0 180.0 120.0 3.0 3.0 left
6 237.458808462 36.9966744943 -1 90.0 120.0 3.0 6.5 90.0 120.0 False 4.0 180.0 120.0 0.75 3.0 left
7 154.391324126 13.2320469482 -1 90.0 120.0 3.0 6.5 90.0 120.0 True 4.0 180.0 120.0 2.5 3.0 left
8 283.368143755 262.779038299 -1 90.0 120.0 3.0 6.5 90.0 120.0 True 4.0 180.0 120.0 1.0 3.0 right
9 197.700245119 17.4103222111 1 90.0 120.0 3.0 6.5 90.0 120.0 True 4.0 180.0 120.0 1.0 3.0 right
10 323.419217386 239.631005599 -1 90.0 120.0 3.0 6.5 90.0 120.0 True 4.0 180.0 120.0 2.25 3.0 left
11 320.129707232 72.3772020049 -1 90.0 120.0 3.0 6.5 90.0 120.0 False 4.0 180.0 120.0 2.0 3.0 left
12 300.883644334 355.688014234 1 90.0 120.0 3.0 6.5 90.0 120.0 True 4.0 180.0 120.0 2.25 3.0 left
13 36.5010191955 34.3022643652 1 90.0 120.0 3.0 6.5 90.0 120.0 False 4.0 180.0 120.0 0.75 3.0 left
14 74.13581463 7.88551127948 -1 90.0 120.0 3.0 6.5 90.0 120.0 False 4.0 180.0 120.0 2.25 3.0 right
15 182.357437098 246.56170723 -1 90.0 120.0 3.0 6.5 90.0 120.0 False 4.0 180.0 120.0 3.25 3.0 left
16 98.1265215185 136.994153542 -1 90.0 120.0 3.0 6.5 90.0 120.0 True 4.0 180.0 120.0 2.75 3.0 left
17 151.790513506 239.47808098 1 90.0 120.0 3.0 6.5 90.0 120.0 False 4.0 180.0 120.0 3.5 3.0 left
18 125.819813423 201.791015122 -1 90.0 120.0 3.0 6.5 90.0 120.0 False 4.0 180.0 120.0 1.25 3.0 left
19 308.512729374 17.8565234044 1 90.0 120.0 3.0 6.5 90.0 120.0 False 4.0 180.0 120.0 1.5 3.0 left
20 208.019792367 317.521123756 1 90.0 120.0 3.0 6.5 90.0 120.0 False 4.0 180.0 120.0 2.0 3.0 right
21 62.1186677582 336.610467672 1 90.0 120.0 3.0 6.5 90.0 120.0 False 4.0 180.0 120.0 2.25 3.0 right
22 43.3109054538 285.31565261 1 90.0 120.0 3.0 6.5 90.0 120.0 True 4.0 180.0 120.0 3.25 3.0 left
23 24.0482329113 85.3241443617 1 90.0 120.0 3.0 6.5 90.0 120.0 True 4.0 180.0 120.0 1.25 3.0 right
24 103.983851762 282.166014993 1 90.0 120.0 3.0 6.5 90.0 120.0 False 4.0 180.0 120.0 3.0 3.0 left
25 118.55975318 84.8617694143 -1 90.0 120.0 3.0 6.5 90.0 120.0 False 4.0 180.0 120.0 1.5 3.0 left
26 33.6977442444 43.4930689105 -1 90.0 120.0 3.0 6.5 90.0 120.0 True 4.0 180.0 120.0 3.5 3.0 left
27 220.44313034 37.3876605407 1 90.0 120.0 3.0 6.5 90.0 120.0 True 4.0 180.0 120.0 2.75 3.0 left
28 90.5468183563 26.9776568825 1 90.0 120.0 3.0 6.5 90.0 120.0 True 4.0 180.0 120.0 0.75 3.0 right
29 323.563051461 194.288866821 1 90.0 120.0 3.0 6.5 90.0 120.0 False 4.0 180.0 120.0 3.25 3.0 left
30 232.659775795 80.7693202747 1 90.0 120.0 3.0 6.5 90.0 120.0 False 4.0 180.0 120.0 1.25 3.0 left
31 140.840764323 184.322255643 -1 90.0 120.0 3.0 6.5 90.0 120.0 True 4.0 180.0 120.0 1.75 3.0 right
32 306.119304764 19.2850051406 -1 90.0 120.0 3.0 6.5 90.0 120.0 False 4.0 180.0 120.0 2.5 3.0 left
33 45.3272396277 211.022851991 -1 90.0 120.0 3.0 6.5 90.0 120.0 True 4.0 180.0 120.0 3.25 3.0 left
34 218.486562137 222.796898589 1 90.0 120.0 3.0 6.5 90.0 120.0 False 4.0 180.0 120.0 2.75 3.0 left
35 76.1394096707 188.03808618 -1 90.0 120.0 3.0 6.5 90.0 120.0 False 4.0 180.0 120.0 2.75 3.0 left
36 155.002330065 280.744604652 1 90.0 120.0 3.0 6.5 90.0 120.0 True 4.0 180.0 120.0 3.0 3.0 right
37 284.894528521 211.169548312 1 90.0 120.0 3.0 6.5 90.0 120.0 False 4.0 180.0 120.0 1.75 3.0 left
38 114.580290748 305.979631616 -1 90.0 120.0 3.0 6.5 90.0 120.0 True 4.0 180.0 120.0 0.75 3.0 right
39 198.373972777 194.326336473 1 90.0 120.0 3.0 6.5 90.0 120.0 True 4.0 180.0 120.0 2.0 3.0 right
40 336.758012087 155.363446882 1 90.0 120.0 3.0 6.5 90.0 120.0 True 4.0 180.0 120.0 1.75 3.0 right
41 52.1089625512 158.139090557 -1 90.0 120.0 3.0 6.5 90.0 120.0 True 4.0 180.0 120.0 1.5 3.0 left
42 305.958535731 108.987001233 1 90.0 120.0 3.0 6.5 90.0 120.0 False 4.0 180.0 120.0 1.0 3.0 left
43 240.377909526 250.951744682 -1 90.0 120.0 3.0 6.5 90.0 120.0 True 4.0 180.0 120.0 3.0 3.0 left
44 296.62881836 64.7590397145 1 90.0 120.0 3.0 6.5 90.0 120.0 True 4.0 180.0 120.0 2.5 3.0 right
45 89.8422064151 154.843992996 -1 90.0 120.0 3.0 6.5 90.0 120.0 False 4.0 180.0 120.0 3.5 3.0 left
46 305.249629303 125.268643052 -1 90.0 120.0 3.0 6.5 90.0 120.0 False 4.0 180.0 120.0 1.0 3.0 left
47 89.7630970538 41.3990632902 -1 90.0 120.0 3.0 6.5 90.0 120.0 True 4.0 180.0 120.0 1.25 3.0 right
48 185.660725198 4.3982615945 1 90.0 120.0 3.0 6.5 90.0 120.0 True 4.0 180.0 120.0 3.5 3.0 left
49 163.985242809 303.675981599 1 90.0 120.0 3.0 6.5 90.0 120.0 False 4.0 180.0 120.0 0.75 3.0 left
50 99.0008703877 92.32313065 1 90.0 120.0 3.0 6.5 90.0 120.0 False 4.0 180.0 120.0 2.0 3.0 left
51 358.859067015 202.196587186 1 90.0 120.0 3.0 6.5 90.0 120.0 True 4.0 180.0 120.0 3.25 3.0 left
52 46.1524681462 19.4981723978 -1 90.0 120.0 3.0 6.5 90.0 120.0 False 4.0 180.0 120.0 1.25 3.0 left
53 153.921655521 66.7047478453 1 90.0 120.0 3.0 6.5 90.0 120.0 False 4.0 180.0 120.0 1.75 3.0 left
54 239.753605784 103.433894049 -1 90.0 120.0 3.0 6.5 90.0 120.0 True 4.0 180.0 120.0 1.5 3.0 right
55 210.939219142 32.7262053431 1 90.0 120.0 3.0 6.5 90.0 120.0 False 4.0 180.0 120.0 2.75 3.0 left
56 131.982174386 145.762999968 1 90.0 120.0 3.0 6.5 90.0 120.0 False 4.0 180.0 120.0 3.0 3.0 left
57 65.3964121194 51.2503914326 -1 90.0 120.0 3.0 6.5 90.0 120.0 True 4.0 180.0 120.0 0.75 3.0 right
58 307.215196739 107.609341632 1 90.0 120.0 3.0 6.5 90.0 120.0 True 4.0 180.0 120.0 1.0 3.0 right
59 223.645213167 102.697915983 1 90.0 120.0 3.0 6.5 90.0 120.0 True 4.0 180.0 120.0 2.0 3.0 left
60 289.525608618 50.813124295 -1 90.0 120.0 3.0 6.5 90.0 120.0 True 4.0 180.0 120.0 2.5 3.0 left
61 275.792127793 196.049638151 1 90.0 120.0 3.0 6.5 90.0 120.0 True 4.0 180.0 120.0 1.5 3.0 right
62 320.446012326 170.238350325 1 90.0 120.0 3.0 6.5 90.0 120.0 True 4.0 180.0 120.0 2.5 3.0 right
63 143.590065695 35.7622150424 -1 90.0 120.0 3.0 6.5 90.0 120.0 True 4.0 180.0 120.0 3.0 3.0 left
64 136.259251794 188.844325457 -1 90.0 120.0 3.0 6.5 90.0 120.0 True 4.0 180.0 120.0 1.75 3.0 left
65 18.4482800634 167.780476376 -1 90.0 120.0 3.0 6.5 90.0 120.0 True 4.0 180.0 120.0 2.0 3.0 right
66 173.827282528 9.88066325773 -1 90.0 120.0 3.0 6.5 90.0 120.0 False 4.0 180.0 120.0 2.5 3.0 right
67 170.850752407 82.8338729385 -1 90.0 120.0 3.0 6.5 90.0 120.0 True 4.0 180.0 120.0 2.25 3.0 left
68 207.9925042 75.2055186921 -1 90.0 120.0 3.0 6.5 90.0 120.0 False 4.0 180.0 120.0 1.0 3.0 left
69 297.270407632 276.025954715 -1 90.0 120.0 3.0 6.5 90.0 120.0 True 4.0 180.0 120.0 3.25 3.0 left
70 142.807909894 345.924050299 1 90.0 120.0 3.0 6.5 90.0 120.0 True 4.0 180.0 120.0 3.5 3.0 left
71 259.568240147 187.882450975 1 90.0 120.0 3.0 6.5 90.0 120.0 False 4.0 180.0 120.0 3.25 3.0 right
72 328.077607398 11.7657724399 1 90.0 120.0 3.0 6.5 90.0 120.0 False 4.0 180.0 120.0 1.25 3.0 left
73 179.449838926 110.086990331 1 90.0 120.0 3.0 6.5 90.0 120.0 False 4.0 180.0 120.0 2.25 3.0 left
74 67.2442312595 171.418276692 1 90.0 120.0 3.0 6.5 90.0 120.0 False 4.0 180.0 120.0 2.5 3.0 left
75 249.306825985 286.355476582 1 90.0 120.0 3.0 6.5 90.0 120.0 True 4.0 180.0 120.0 2.75 3.0 right
76 326.716113802 281.49460004 1 90.0 120.0 3.0 6.5 90.0 120.0 False 4.0 180.0 120.0 1.0 3.0 left
77 272.684477287 316.363675098 -1 90.0 120.0 3.0 6.5 90.0 120.0 False 4.0 180.0 120.0 1.75 3.0 left
78 121.173422453 195.21586656 -1 90.0 120.0 3.0 6.5 90.0 120.0 False 4.0 180.0 120.0 3.5 3.0 left
79 239.996970307 306.739236038 1 90.0 120.0 3.0 6.5 90.0 120.0 False 4.0 180.0 120.0 1.5 3.0 left
80 37.0486560619 63.9536309942 -1 90.0 120.0 3.0 6.5 90.0 120.0 False 4.0 180.0 120.0 3.25 3.0 left
81 292.433598843 156.199284139 1 90.0 120.0 3.0 6.5 90.0 120.0 False 4.0 180.0 120.0 3.5 3.0 right
82 176.037041296 345.175117379 -1 90.0 120.0 3.0 6.5 90.0 120.0 True 4.0 180.0 120.0 3.5 3.0 right
83 176.602528461 315.55817856 1 90.0 120.0 3.0 6.5 90.0 120.0 True 4.0 180.0 120.0 0.75 3.0 right
84 210.33569282 307.508873577 -1 90.0 120.0 3.0 6.5 90.0 120.0 True 4.0 180.0 120.0 1.25 3.0 right
85 275.617194171 262.637091661 1 90.0 120.0 3.0 6.5 90.0 120.0 True 4.0 180.0 120.0 1.25 3.0 right
86 166.309268978 93.9882111872 1 90.0 120.0 3.0 6.5 90.0 120.0 True 4.0 180.0 120.0 1.75 3.0 right
87 242.301040283 37.9991754142 -1 90.0 120.0 3.0 6.5 90.0 120.0 False 4.0 180.0 120.0 2.0 3.0 right
88 69.0085289749 179.266551983 -1 90.0 120.0 3.0 6.5 90.0 120.0 True 4.0 180.0 120.0 1.0 3.0 right
89 212.124267779 187.626964141 1 90.0 120.0 3.0 6.5 90.0 120.0 True 4.0 180.0 120.0 2.25 3.0 right
90 160.550242482 122.755295659 -1 90.0 120.0 3.0 6.5 90.0 120.0 False 4.0 180.0 120.0 1.5 3.0 left
91 76.8678263632 46.4829835438 1 90.0 120.0 3.0 6.5 90.0 120.0 True 4.0 180.0 120.0 3.0 3.0 left
92 72.9474508893 355.610489042 -1 90.0 120.0 3.0 6.5 90.0 120.0 False 4.0 180.0 120.0 2.25 3.0 right
93 36.8845385822 240.061318776 -1 90.0 120.0 3.0 6.5 90.0 120.0 False 4.0 180.0 120.0 0.75 3.0 left
94 276.022872131 156.281826359 -1 90.0 120.0 3.0 6.5 90.0 120.0 True 4.0 180.0 120.0 2.75 3.0 right
95 197.400212404 345.935419644 -1 90.0 120.0 3.0 6.5 90.0 120.0 False 4.0 180.0 120.0 3.0 3.0 right
96 87.0416126607 246.833842807 -1 90.0 120.0 3.0 6.5 90.0 120.0 False 4.0 180.0 120.0 2.75 3.0 right
97 121.958702732 185.3609237 1 90.0 120.0 3.0 6.5 90.0 120.0 False 4.0 180.0 120.0 2.5 3.0 right
98 111.501640165 169.943586233 1 90.0 120.0 3.0 6.5 90.0 120.0 True 4.0 180.0 120.0 3.25 3.0 left
99 207.892650245 89.5244491759 1 90.0 120.0 3.0 6.5 90.0 120.0 True 4.0 180.0 120.0 1.5 3.0 right
100 337.143740011 14.5087600171 1 90.0 120.0 3.0 6.5 90.0 120.0 False 4.0 180.0 120.0 1.5 3.0 left
101 19.9102770013 190.600760224 1 90.0 120.0 3.0 6.5 90.0 120.0 False 4.0 180.0 120.0 3.5 3.0 left
102 167.174779276 298.103998765 1 90.0 120.0 3.0 6.5 90.0 120.0 True 4.0 180.0 120.0 2.0 3.0 right
103 46.7411051263 302.74941941 1 90.0 120.0 3.0 6.5 90.0 120.0 False 4.0 180.0 120.0 3.25 3.0 left
104 172.556383007 301.530545444 -1 90.0 120.0 3.0 6.5 90.0 120.0 False 4.0 180.0 120.0 0.75 3.0 left
105 108.358116828 242.467494098 -1 90.0 120.0 3.0 6.5 90.0 120.0 True 4.0 180.0 120.0 2.25 3.0 right
106 61.8880104946 83.9167826922 1 90.0 120.0 3.0 6.5 90.0 120.0 False 4.0 180.0 120.0 0.75 3.0 left
107 151.686143818 63.4869252853 -1 90.0 120.0 3.0 6.5 90.0 120.0 True 4.0 180.0 120.0 2.5 3.0 right
108 16.5724295 336.435526407 1 90.0 120.0 3.0 6.5 90.0 120.0 False 4.0 180.0 120.0 2.25 3.0 left
109 352.88032736 102.670236502 1 90.0 120.0 3.0 6.5 90.0 120.0 False 4.0 180.0 120.0 1.0 3.0 left
110 338.532554327 235.170906163 -1 90.0 120.0 3.0 6.5 90.0 120.0 True 4.0 180.0 120.0 3.25 3.0 right
111 332.040400878 262.805328632 -1 90.0 120.0 3.0 6.5 90.0 120.0 False 4.0 180.0 120.0 3.0 3.0 left
112 76.982233471 280.027996031 -1 90.0 120.0 3.0 6.5 90.0 120.0 False 4.0 180.0 120.0 1.5 3.0 left
113 263.928619206 216.173940381 -1 90.0 120.0 3.0 6.5 90.0 120.0 False 4.0 180.0 120.0 3.5 3.0 right
114 8.43615316668 53.0663875791 -1 90.0 120.0 3.0 6.5 90.0 120.0 False 4.0 180.0 120.0 1.25 3.0 left
115 275.435155243 45.224711734 1 90.0 120.0 3.0 6.5 90.0 120.0 False 4.0 180.0 120.0 1.75 3.0 left
116 136.480468562 79.4998517799 -1 90.0 120.0 3.0 6.5 90.0 120.0 True 4.0 180.0 120.0 2.75 3.0 left
117 10.3325367351 15.2441705628 1 90.0 120.0 3.0 6.5 90.0 120.0 True 4.0 180.0 120.0 1.75 3.0 left
118 319.792148991 45.2676497622 1 90.0 120.0 3.0 6.5 90.0 120.0 True 4.0 180.0 120.0 3.5 3.0 left
119 87.23645619 254.013183267 -1 90.0 120.0 3.0 6.5 90.0 120.0 False 4.0 180.0 120.0 1.0 3.0 left
120 234.088902134 16.3070225024 1 90.0 120.0 3.0 6.5 90.0 120.0 False 4.0 180.0 120.0 1.25 3.0 left
121 222.710544649 320.993210698 -1 90.0 120.0 3.0 6.5 90.0 120.0 True 4.0 180.0 120.0 1.5 3.0 right
122 20.9014898788 302.041440419 -1 90.0 120.0 3.0 6.5 90.0 120.0 True 4.0 180.0 120.0 0.75 3.0 right
123 211.101796045 52.4634282596 1 90.0 120.0 3.0 6.5 90.0 120.0 False 4.0 180.0 120.0 2.0 3.0 left
124 86.3842413879 74.0623828421 -1 90.0 120.0 3.0 6.5 90.0 120.0 True 4.0 180.0 120.0 1.0 3.0 right
125 47.4582566481 32.8049597236 1 90.0 120.0 3.0 6.5 90.0 120.0 True 4.0 180.0 120.0 2.75 3.0 left
126 21.9923970096 111.585416545 -1 90.0 120.0 3.0 6.5 90.0 120.0 True 4.0 180.0 120.0 1.75 3.0 right
127 350.85809607 205.700217501 1 90.0 120.0 3.0 6.5 90.0 120.0 True 4.0 180.0 120.0 1.25 3.0 right
128 327.068177542 19.6598549154 -1 90.0 120.0 3.0 6.5 90.0 120.0 True 4.0 180.0 120.0 3.5 3.0 left
129 276.396857201 265.854531574 -1 90.0 120.0 3.0 6.5 90.0 120.0 False 4.0 180.0 120.0 2.0 3.0 right
130 56.2219600441 83.1198310006 -1 90.0 120.0 3.0 6.5 90.0 120.0 False 4.0 180.0 120.0 2.25 3.0 right
131 73.5024102755 189.019335772 1 90.0 120.0 3.0 6.5 90.0 120.0 True 4.0 180.0 120.0 0.75 3.0 right
132 145.293584858 239.166068742 -1 90.0 120.0 3.0 6.5 90.0 120.0 False 4.0 180.0 120.0 2.5 3.0 left
133 72.2141132789 323.341419428 -1 90.0 120.0 3.0 6.5 90.0 120.0 True 4.0 180.0 120.0 3.0 3.0 left
134 62.8645315882 178.302277759 -1 90.0 120.0 3.0 6.5 90.0 120.0 True 4.0 180.0 120.0 1.25 3.0 right
135 284.303635748 216.423273624 1 90.0 120.0 3.0 6.5 90.0 120.0 True 4.0 180.0 120.0 2.5 3.0 left
136 260.661192625 291.193557227 -1 90.0 120.0 3.0 6.5 90.0 120.0 False 4.0 180.0 120.0 2.75 3.0 right
137 135.745064019 77.6189912625 1 90.0 120.0 3.0 6.5 90.0 120.0 True 4.0 180.0 120.0 2.25 3.0 right
138 237.343011741 344.179392755 -1 90.0 120.0 3.0 6.5 90.0 120.0 False 4.0 180.0 120.0 1.75 3.0 left
139 154.431787133 239.001656391 1 90.0 120.0 3.0 6.5 90.0 120.0 False 4.0 180.0 120.0 3.0 3.0 right
140 230.656683534 252.90841962 1 90.0 120.0 3.0 6.5 90.0 120.0 True 4.0 180.0 120.0 1.0 3.0 right
141 5.40587441557 203.743645859 1 90.0 120.0 3.0 6.5 90.0 120.0 True 4.0 180.0 120.0 3.0 3.0 left
142 318.994439939 186.519405198 -1 90.0 120.0 3.0 6.5 90.0 120.0 True 4.0 180.0 120.0 2.0 3.0 left
143 321.225492715 72.1014782119 1 90.0 120.0 3.0 6.5 90.0 120.0 False 4.0 180.0 120.0 2.75 3.0 left
144 293.174693939 188.525915995 -1 90.0 120.0 3.0 6.5 90.0 120.0 False 4.0 180.0 120.0 3.25 3.0 right
