trial angleIni direction durationRampingIni durationFinal sizeLandmark radiusLandmark durationRampingFinal durationIni same duration radius angleLandmark durationRampingLand freq size response
1 278 -1 90.0 120.0 3.0 6.5 90.0 120.0 True 180.0 4.0 45.0 120.0 0.75 3.0 right
2 52 1 90.0 120.0 3.0 6.5 90.0 120.0 False 180.0 4.0 270.0 120.0 2.0 3.0 left
3 238 -1 90.0 120.0 3.0 6.5 90.0 120.0 False 180.0 4.0 315.0 120.0 1.25 3.0 left
4 215 1 90.0 120.0 3.0 6.5 90.0 120.0 False 180.0 4.0 315.0 120.0 3.5 3.0 left
5 102 -1 90.0 120.0 3.0 6.5 90.0 120.0 False 180.0 4.0 270.0 120.0 1.5 3.0 left
6 130 -1 90.0 120.0 3.0 6.5 90.0 120.0 False 180.0 4.0 225.0 120.0 1.25 3.0 left
7 53 -1 90.0 120.0 3.0 6.5 90.0 120.0 True 180.0 4.0 135.0 120.0 3.5 3.0 right
8 324 -1 90.0 120.0 3.0 6.5 90.0 120.0 True 180.0 4.0 180.0 120.0 1.0 3.0 right
9 135 1 90.0 120.0 3.0 6.5 90.0 120.0 True 180.0 4.0 135.0 120.0 2.75 3.0 left
10 161 1 90.0 120.0 3.0 6.5 90.0 120.0 False 180.0 4.0 225.0 120.0 1.75 3.0 left
11 155 1 90.0 120.0 3.0 6.5 90.0 120.0 True 180.0 4.0 90.0 120.0 0.75 3.0 right
12 213 -1 90.0 120.0 3.0 6.5 90.0 120.0 True 180.0 4.0 0.0 120.0 1.5 3.0 right
13 36 -1 90.0 120.0 3.0 6.5 90.0 120.0 True 180.0 4.0 225.0 120.0 2.5 3.0 right
14 63 -1 90.0 120.0 3.0 6.5 90.0 120.0 True 180.0 4.0 90.0 120.0 1.25 3.0 right
15 204 -1 90.0 120.0 3.0 6.5 90.0 120.0 False 180.0 4.0 90.0 120.0 0.75 3.0 left
16 292 1 90.0 120.0 3.0 6.5 90.0 120.0 False 180.0 4.0 225.0 120.0 0.75 3.0 left
17 215 -1 90.0 120.0 3.0 6.5 90.0 120.0 True 180.0 4.0 0.0 120.0 2.25 3.0 right
18 189 -1 90.0 120.0 3.0 6.5 90.0 120.0 True 180.0 4.0 90.0 120.0 3.0 3.0 left
19 271 -1 90.0 120.0 3.0 6.5 90.0 120.0 False 180.0 4.0 0.0 120.0 1.75 3.0 left
20 304 -1 90.0 120.0 3.0 6.5 90.0 120.0 True 180.0 4.0 315.0 120.0 2.5 3.0 left
21 152 1 90.0 120.0 3.0 6.5 90.0 120.0 False 180.0 4.0 135.0 120.0 3.25 3.0 right
22 88 1 90.0 120.0 3.0 6.5 90.0 120.0 True 180.0 4.0 315.0 120.0 3.0 3.0 left
23 303 1 90.0 120.0 3.0 6.5 90.0 120.0 False 180.0 4.0 135.0 120.0 1.25 3.0 left
24 296 -1 90.0 120.0 3.0 6.5 90.0 120.0 False 180.0 4.0 45.0 120.0 0.75 3.0 left
25 305 1 90.0 120.0 3.0 6.5 90.0 120.0 False 180.0 4.0 90.0 120.0 2.25 3.0 left
26 153 -1 90.0 120.0 3.0 6.5 90.0 120.0 True 180.0 4.0 45.0 120.0 1.5 3.0 right
27 330 1 90.0 120.0 3.0 6.5 90.0 120.0 False 180.0 4.0 180.0 120.0 3.25 3.0 left
28 74 -1 90.0 120.0 3.0 6.5 90.0 120.0 False 180.0 4.0 270.0 120.0 0.75 3.0 left
29 322 -1 90.0 120.0 3.0 6.5 90.0 120.0 False 180.0 4.0 180.0 120.0 3.0 3.0 right
30 35 -1 90.0 120.0 3.0 6.5 90.0 120.0 True 180.0 4.0 225.0 120.0 1.5 3.0 right
31 119 -1 90.0 120.0 3.0 6.5 90.0 120.0 True 180.0 4.0 225.0 120.0 3.25 3.0 right
32 284 1 90.0 120.0 3.0 6.5 90.0 120.0 True 180.0 4.0 45.0 120.0 1.25 3.0 right
33 336 -1 90.0 120.0 3.0 6.5 90.0 120.0 False 180.0 4.0 135.0 120.0 2.25 3.0 left
34 291 1 90.0 120.0 3.0 6.5 90.0 120.0 True 180.0 4.0 90.0 120.0 1.25 3.0 right
35 209 -1 90.0 120.0 3.0 6.5 90.0 120.0 False 180.0 4.0 45.0 120.0 1.0 3.0 right
36 287 1 90.0 120.0 3.0 6.5 90.0 120.0 False 180.0 4.0 0.0 120.0 2.5 3.0 left
37 229 -1 90.0 120.0 3.0 6.5 90.0 120.0 True 180.0 4.0 45.0 120.0 2.0 3.0 right
38 147 1 90.0 120.0 3.0 6.5 90.0 120.0 False 180.0 4.0 180.0 120.0 1.0 3.0 left
39 194 -1 90.0 120.0 3.0 6.5 90.0 120.0 False 180.0 4.0 270.0 120.0 2.0 3.0 left
40 294 -1 90.0 120.0 3.0 6.5 90.0 120.0 False 180.0 4.0 315.0 120.0 3.25 3.0 left
41 337 -1 90.0 120.0 3.0 6.5 90.0 120.0 True 180.0 4.0 180.0 120.0 1.5 3.0 right
42 332 -1 90.0 120.0 3.0 6.5 90.0 120.0 True 180.0 4.0 90.0 120.0 1.75 3.0 right
43 164 -1 90.0 120.0 3.0 6.5 90.0 120.0 False 180.0 4.0 180.0 120.0 2.0 3.0 left
44 126 1 90.0 120.0 3.0 6.5 90.0 120.0 False 180.0 4.0 90.0 120.0 0.75 3.0 left
45 162 -1 90.0 120.0 3.0 6.5 90.0 120.0 True 180.0 4.0 180.0 120.0 1.25 3.0 right
46 274 1 90.0 120.0 3.0 6.5 90.0 120.0 False 180.0 4.0 270.0 120.0 1.75 3.0 left
47 91 -1 90.0 120.0 3.0 6.5 90.0 120.0 True 180.0 4.0 225.0 120.0 2.25 3.0 right
48 333 1 90.0 120.0 3.0 6.5 90.0 120.0 True 180.0 4.0 225.0 120.0 2.75 3.0 left
49 235 -1 90.0 120.0 3.0 6.5 90.0 120.0 False 180.0 4.0 180.0 120.0 1.75 3.0 left
50 350 1 90.0 120.0 3.0 6.5 90.0 120.0 False 180.0 4.0 0.0 120.0 2.25 3.0 left
51 40 -1 90.0 120.0 3.0 6.5 90.0 120.0 False 180.0 4.0 180.0 120.0 2.75 3.0 right
52 57 -1 90.0 120.0 3.0 6.5 90.0 120.0 False 180.0 4.0 315.0 120.0 1.75 3.0 left
53 148 1 90.0 120.0 3.0 6.5 90.0 120.0 False 180.0 4.0 90.0 120.0 2.0 3.0 left
54 117 1 90.0 120.0 3.0 6.5 90.0 120.0 False 180.0 4.0 225.0 120.0 1.25 3.0 left
55 190 -1 90.0 120.0 3.0 6.5 90.0 120.0 True 180.0 4.0 135.0 120.0 1.0 3.0 right
56 166 -1 90.0 120.0 3.0 6.5 90.0 120.0 True 180.0 4.0 270.0 120.0 1.75 3.0 left
57 78 1 90.0 120.0 3.0 6.5 90.0 120.0 False 180.0 4.0 45.0 120.0 0.75 3.0 left
58 13 1 90.0 120.0 3.0 6.5 90.0 120.0 False 180.0 4.0 225.0 120.0 2.5 3.0 left
59 191 -1 90.0 120.0 3.0 6.5 90.0 120.0 False 180.0 4.0 270.0 120.0 1.25 3.0 left
60 112 1 90.0 120.0 3.0 6.5 90.0 120.0 False 180.0 4.0 180.0 120.0 2.25 3.0 left
61 25 -1 90.0 120.0 3.0 6.5 90.0 120.0 False 180.0 4.0 270.0 120.0 2.75 3.0 right
62 245 1 90.0 120.0 3.0 6.5 90.0 120.0 True 180.0 4.0 90.0 120.0 2.0 3.0 right
63 301 -1 90.0 120.0 3.0 6.5 90.0 120.0 False 180.0 4.0 315.0 120.0 3.0 3.0 left
64 186 -1 90.0 120.0 3.0 6.5 90.0 120.0 True 180.0 4.0 45.0 120.0 1.0 3.0 right
65 133 1 90.0 120.0 3.0 6.5 90.0 120.0 False 180.0 4.0 270.0 120.0 3.25 3.0 left
66 152 -1 90.0 120.0 3.0 6.5 90.0 120.0 False 180.0 4.0 135.0 120.0 3.0 3.0 right
67 243 -1 90.0 120.0 3.0 6.5 90.0 120.0 True 180.0 4.0 270.0 120.0 0.75 3.0 right
68 138 -1 90.0 120.0 3.0 6.5 90.0 120.0 False 180.0 4.0 270.0 120.0 3.25 3.0 right
69 284 1 90.0 120.0 3.0 6.5 90.0 120.0 True 180.0 4.0 45.0 120.0 0.75 3.0 right
70 276 1 90.0 120.0 3.0 6.5 90.0 120.0 False 180.0 4.0 315.0 120.0 0.75 3.0 left
71 290 -1 90.0 120.0 3.0 6.5 90.0 120.0 False 180.0 4.0 0.0 120.0 1.5 3.0 left
72 263 1 90.0 120.0 3.0 6.5 90.0 120.0 True 180.0 4.0 270.0 120.0 2.25 3.0 right
73 131 -1 90.0 120.0 3.0 6.5 90.0 120.0 False 180.0 4.0 135.0 120.0 3.5 3.0 right
74 276 -1 90.0 120.0 3.0 6.5 90.0 120.0 True 180.0 4.0 270.0 120.0 2.25 3.0 right
75 188 -1 90.0 120.0 3.0 6.5 90.0 120.0 True 180.0 4.0 45.0 120.0 1.25 3.0 right
76 185 1 90.0 120.0 3.0 6.5 90.0 120.0 False 180.0 4.0 135.0 120.0 1.0 3.0 left
77 270 -1 90.0 120.0 3.0 6.5 90.0 120.0 True 180.0 4.0 0.0 120.0 1.25 3.0 right
78 279 -1 90.0 120.0 3.0 6.5 90.0 120.0 False 180.0 4.0 45.0 120.0 3.25 3.0 right
79 212 -1 90.0 120.0 3.0 6.5 90.0 120.0 False 180.0 4.0 135.0 120.0 2.0 3.0 left
80 257 1 90.0 120.0 3.0 6.5 90.0 120.0 True 180.0 4.0 270.0 120.0 0.75 3.0 right
81 165 1 90.0 120.0 3.0 6.5 90.0 120.0 True 180.0 4.0 315.0 120.0 1.0 3.0 right
82 357 1 90.0 120.0 3.0 6.5 90.0 120.0 True 180.0 4.0 225.0 120.0 3.25 3.0 left
83 101 1 90.0 120.0 3.0 6.5 90.0 120.0 False 180.0 4.0 225.0 120.0 2.75 3.0 right
84 227 -1 90.0 120.0 3.0 6.5 90.0 120.0 False 180.0 4.0 315.0 120.0 2.75 3.0 right
85 72 1 90.0 120.0 3.0 6.5 90.0 120.0 True 180.0 4.0 315.0 120.0 3.5 3.0 left
86 265 -1 90.0 120.0 3.0 6.5 90.0 120.0 True 180.0 4.0 315.0 120.0 3.25 3.0 left
87 98 1 90.0 120.0 3.0 6.5 90.0 120.0 True 180.0 4.0 135.0 120.0 3.25 3.0 right
88 64 1 90.0 120.0 3.0 6.5 90.0 120.0 True 180.0 4.0 90.0 120.0 1.0 3.0 right
89 120 -1 90.0 120.0 3.0 6.5 90.0 120.0 False 180.0 4.0 45.0 120.0 1.75 3.0 left
90 239 1 90.0 120.0 3.0 6.5 90.0 120.0 False 180.0 4.0 180.0 120.0 2.5 3.0 left
91 282 -1 90.0 120.0 3.0 6.5 90.0 120.0 True 180.0 4.0 270.0 120.0 3.25 3.0 left
92 298 1 90.0 120.0 3.0 6.5 90.0 120.0 False 180.0 4.0 0.0 120.0 3.25 3.0 left
93 99 -1 90.0 120.0 3.0 6.5 90.0 120.0 False 180.0 4.0 225.0 120.0 1.0 3.0 left
94 323 -1 90.0 120.0 3.0 6.5 90.0 120.0 True 180.0 4.0 270.0 120.0 3.0 3.0 right
95 257 1 90.0 120.0 3.0 6.5 90.0 120.0 False 180.0 4.0 180.0 120.0 2.0 3.0 right
96 135 1 90.0 120.0 3.0 6.5 90.0 120.0 False 180.0 4.0 45.0 120.0 3.0 3.0 left
97 158 1 90.0 120.0 3.0 6.5 90.0 120.0 True 180.0 4.0 45.0 120.0 1.75 3.0 right
98 282 1 90.0 120.0 3.0 6.5 90.0 120.0 True 180.0 4.0 0.0 120.0 2.75 3.0 left
99 245 -1 90.0 120.0 3.0 6.5 90.0 120.0 True 180.0 4.0 135.0 120.0 2.25 3.0 right
100 71 -1 90.0 120.0 3.0 6.5 90.0 120.0 True 180.0 4.0 45.0 120.0 2.75 3.0 right
101 72 -1 90.0 120.0 3.0 6.5 90.0 120.0 True 180.0 4.0 180.0 120.0 2.75 3.0 left
102 5 1 90.0 120.0 3.0 6.5 90.0 120.0 False 180.0 4.0 270.0 120.0 3.0 3.0 left
103 358 1 90.0 120.0 3.0 6.5 90.0 120.0 False 180.0 4.0 45.0 120.0 2.5 3.0 right
104 189 1 90.0 120.0 3.0 6.5 90.0 120.0 False 180.0 4.0 90.0 120.0 2.75 3.0 right
105 266 -1 90.0 120.0 3.0 6.5 90.0 120.0 False 180.0 4.0 45.0 120.0 2.0 3.0 left
106 59 1 90.0 120.0 3.0 6.5 90.0 120.0 False 180.0 4.0 135.0 120.0 1.5 3.0 left
107 134 -1 90.0 120.0 3.0 6.5 90.0 120.0 True 180.0 4.0 90.0 120.0 3.5 3.0 left
108 263 -1 90.0 120.0 3.0 6.5 90.0 120.0 False 180.0 4.0 225.0 120.0 3.5 3.0 right
109 311 -1 90.0 120.0 3.0 6.5 90.0 120.0 True 180.0 4.0 270.0 120.0 2.75 3.0 right
110 302 -1 90.0 120.0 3.0 6.5 90.0 120.0 False 180.0 4.0 90.0 120.0 1.0 3.0 left
111 226 1 90.0 120.0 3.0 6.5 90.0 120.0 False 180.0 4.0 315.0 120.0 2.0 3.0 left
112 112 1 90.0 120.0 3.0 6.5 90.0 120.0 True 180.0 4.0 135.0 120.0 3.0 3.0 left
113 30 -1 90.0 120.0 3.0 6.5 90.0 120.0 True 180.0 4.0 315.0 120.0 2.0 3.0 right
114 200 -1 90.0 120.0 3.0 6.5 90.0 120.0 False 180.0 4.0 180.0 120.0 1.0 3.0 left
115 203 1 90.0 120.0 3.0 6.5 90.0 120.0 False 180.0 4.0 180.0 120.0 3.0 3.0 left
116 311 -1 90.0 120.0 3.0 6.5 90.0 120.0 True 180.0 4.0 180.0 120.0 1.75 3.0 right
117 254 1 90.0 120.0 3.0 6.5 90.0 120.0 True 180.0 4.0 0.0 120.0 2.5 3.0 right
118 209 -1 90.0 120.0 3.0 6.5 90.0 120.0 True 180.0 4.0 225.0 120.0 2.75 3.0 right
119 97 1 90.0 120.0 3.0 6.5 90.0 120.0 True 180.0 4.0 90.0 120.0 2.5 3.0 right
120 266 1 90.0 120.0 3.0 6.5 90.0 120.0 True 180.0 4.0 45.0 120.0 1.5 3.0 right
121 230 -1 90.0 120.0 3.0 6.5 90.0 120.0 False 180.0 4.0 135.0 120.0 3.25 3.0 left
122 267 1 90.0 120.0 3.0 6.5 90.0 120.0 False 180.0 4.0 225.0 120.0 2.0 3.0 left
123 264 -1 90.0 120.0 3.0 6.5 90.0 120.0 True 180.0 4.0 180.0 120.0 2.0 3.0 right
124 164 1 90.0 120.0 3.0 6.5 90.0 120.0 False 180.0 4.0 90.0 120.0 3.25 3.0 right
125 247 -1 90.0 120.0 3.0 6.5 90.0 120.0 True 180.0 4.0 45.0 120.0 2.5 3.0 right
126 125 -1 90.0 120.0 3.0 6.5 90.0 120.0 False 180.0 4.0 90.0 120.0 2.0 3.0 left
127 2 1 90.0 120.0 3.0 6.5 90.0 120.0 True 180.0 4.0 135.0 120.0 1.0 3.0 right
128 356 -1 90.0 120.0 3.0 6.5 90.0 120.0 True 180.0 4.0 225.0 120.0 3.0 3.0 right
129 9 -1 90.0 120.0 3.0 6.5 90.0 120.0 True 180.0 4.0 90.0 120.0 2.0 3.0 right
130 270 -1 90.0 120.0 3.0 6.5 90.0 120.0 False 180.0 4.0 90.0 120.0 3.0 3.0 left
131 169 -1 90.0 120.0 3.0 6.5 90.0 120.0 True 180.0 4.0 225.0 120.0 1.0 3.0 right
132 274 -1 90.0 120.0 3.0 6.5 90.0 120.0 True 180.0 4.0 135.0 120.0 1.5 3.0 right
133 141 1 90.0 120.0 3.0 6.5 90.0 120.0 True 180.0 4.0 0.0 120.0 1.0 3.0 right
134 16 1 90.0 120.0 3.0 6.5 90.0 120.0 False 180.0 4.0 225.0 120.0 1.0 3.0 left
135 130 1 90.0 120.0 3.0 6.5 90.0 120.0 False 180.0 4.0 0.0 120.0 1.75 3.0 left
136 137 -1 90.0 120.0 3.0 6.5 90.0 120.0 False 180.0 4.0 45.0 120.0 3.5 3.0 right
137 359 1 90.0 120.0 3.0 6.5 90.0 120.0 True 180.0 4.0 270.0 120.0 2.75 3.0 left
138 264 1 90.0 120.0 3.0 6.5 90.0 120.0 True 180.0 4.0 90.0 120.0 1.5 3.0 right
139 276 1 90.0 120.0 3.0 6.5 90.0 120.0 False 180.0 4.0 0.0 120.0 3.5 3.0 left
140 203 -1 90.0 120.0 3.0 6.5 90.0 120.0 False 180.0 4.0 0.0 120.0 0.75 3.0 left
141 91 -1 90.0 120.0 3.0 6.5 90.0 120.0 True 180.0 4.0 270.0 120.0 1.5 3.0 right
142 21 -1 90.0 120.0 3.0 6.5 90.0 120.0 False 180.0 4.0 135.0 120.0 2.5 3.0 left
143 14 -1 90.0 120.0 3.0 6.5 90.0 120.0 True 180.0 4.0 0.0 120.0 1.75 3.0 right
144 191 1 90.0 120.0 3.0 6.5 90.0 120.0 True 180.0 4.0 180.0 120.0 2.25 3.0 right
145 121 -1 90.0 120.0 3.0 6.5 90.0 120.0 False 180.0 4.0 0.0 120.0 2.0 3.0 left
146 175 -1 90.0 120.0 3.0 6.5 90.0 120.0 False 180.0 4.0 135.0 120.0 1.75 3.0 left
147 115 -1 90.0 120.0 3.0 6.5 90.0 120.0 False 180.0 4.0 315.0 120.0 1.5 3.0 left
148 42 1 90.0 120.0 3.0 6.5 90.0 120.0 True 180.0 4.0 270.0 120.0 1.0 3.0 right
149 100 -1 90.0 120.0 3.0 6.5 90.0 120.0 True 180.0 4.0 0.0 120.0 2.0 3.0 right
150 246 1 90.0 120.0 3.0 6.5 90.0 120.0 False 180.0 4.0 135.0 120.0 2.0 3.0 left
151 242 -1 90.0 120.0 3.0 6.5 90.0 120.0 False 180.0 4.0 270.0 120.0 1.75 3.0 left
152 143 1 90.0 120.0 3.0 6.5 90.0 120.0 True 180.0 4.0 270.0 120.0 3.0 3.0 left
153 280 1 90.0 120.0 3.0 6.5 90.0 120.0 True 180.0 4.0 315.0 120.0 2.5 3.0 right
154 58 1 90.0 120.0 3.0 6.5 90.0 120.0 True 180.0 4.0 225.0 120.0 0.75 3.0 right
155 31 -1 90.0 120.0 3.0 6.5 90.0 120.0 False 180.0 4.0 0.0 120.0 1.25 3.0 left
156 257 1 90.0 120.0 3.0 6.5 90.0 120.0 False 180.0 4.0 270.0 120.0 0.75 3.0 left
157 274 1 90.0 120.0 3.0 6.5 90.0 120.0 True 180.0 4.0 315.0 120.0 1.75 3.0 right
158 80 -1 90.0 120.0 3.0 6.5 90.0 120.0 True 180.0 4.0 180.0 120.0 2.25 3.0 left
159 77 1 90.0 120.0 3.0 6.5 90.0 120.0 True 180.0 4.0 45.0 120.0 2.5 3.0 left
160 186 1 90.0 120.0 3.0 6.5 90.0 120.0 False 180.0 4.0 180.0 120.0 1.25 3.0 left
161 336 -1 90.0 120.0 3.0 6.5 90.0 120.0 True 180.0 4.0 225.0 120.0 1.25 3.0 right
162 132 1 90.0 120.0 3.0 6.5 90.0 120.0 False 180.0 4.0 90.0 120.0 1.0 3.0 left
163 121 -1 90.0 120.0 3.0 6.5 90.0 120.0 True 180.0 4.0 45.0 120.0 3.0 3.0 right
164 252 1 90.0 120.0 3.0 6.5 90.0 120.0 False 180.0 4.0 90.0 120.0 1.5 3.0 left
165 165 1 90.0 120.0 3.0 6.5 90.0 120.0 False 180.0 4.0 315.0 120.0 2.75 3.0 right
166 206 1 90.0 120.0 3.0 6.5 90.0 120.0 True 180.0 4.0 0.0 120.0 2.0 3.0 right
167 214 -1 90.0 120.0 3.0 6.5 90.0 120.0 False 180.0 4.0 225.0 120.0 1.75 3.0 left
168 196 -1 90.0 120.0 3.0 6.5 90.0 120.0 False 180.0 4.0 180.0 120.0 2.5 3.0 right
169 19 1 90.0 120.0 3.0 6.5 90.0 120.0 False 180.0 4.0 0.0 120.0 1.0 3.0 left
170 304 1 90.0 120.0 3.0 6.5 90.0 120.0 True 180.0 4.0 90.0 120.0 2.25 3.0 left
171 318 1 90.0 120.0 3.0 6.5 90.0 120.0 False 180.0 4.0 315.0 120.0 2.5 3.0 right
172 231 1 90.0 120.0 3.0 6.5 90.0 120.0 True 180.0 4.0 225.0 120.0 3.0 3.0 right
173 88 1 90.0 120.0 3.0 6.5 90.0 120.0 False 180.0 4.0 270.0 120.0 3.5 3.0 right
174 136 -1 90.0 120.0 3.0 6.5 90.0 120.0 False 180.0 4.0 45.0 120.0 1.25 3.0 left
175 133 1 90.0 120.0 3.0 6.5 90.0 120.0 True 180.0 4.0 315.0 120.0 2.25 3.0 right
176 37 -1 90.0 120.0 3.0 6.5 90.0 120.0 False 180.0 4.0 90.0 120.0 2.25 3.0 left
177 181 -1 90.0 120.0 3.0 6.5 90.0 120.0 True 180.0 4.0 45.0 120.0 3.25 3.0 left
178 46 -1 90.0 120.0 3.0 6.5 90.0 120.0 False 180.0 4.0 225.0 120.0 2.25 3.0 left
179 100 1 90.0 120.0 3.0 6.5 90.0 120.0 False 180.0 4.0 180.0 120.0 3.5 3.0 left
180 89 1 90.0 120.0 3.0 6.5 90.0 120.0 True 180.0 4.0 315.0 120.0 1.25 3.0 right
181 112 -1 90.0 120.0 3.0 6.5 90.0 120.0 True 180.0 4.0 225.0 120.0 3.5 3.0 left
182 329 -1 90.0 120.0 3.0 6.5 90.0 120.0 False 180.0 4.0 180.0 120.0 3.25 3.0 right
183 207 1 90.0 120.0 3.0 6.5 90.0 120.0 True 180.0 4.0 180.0 120.0 3.25 3.0 left
184 97 -1 90.0 120.0 3.0 6.5 90.0 120.0 True 180.0 4.0 315.0 120.0 0.75 3.0 right
185 107 -1 90.0 120.0 3.0 6.5 90.0 120.0 False 180.0 4.0 45.0 120.0 2.75 3.0 left
186 132 -1 90.0 120.0 3.0 6.5 90.0 120.0 True 180.0 4.0 45.0 120.0 3.5 3.0 left
187 59 -1 90.0 120.0 3.0 6.5 90.0 120.0 True 180.0 4.0 270.0 120.0 3.5 3.0 left
188 328 1 90.0 120.0 3.0 6.5 90.0 120.0 False 180.0 4.0 90.0 120.0 3.0 3.0 right
189 196 -1 90.0 120.0 3.0 6.5 90.0 120.0 False 180.0 4.0 315.0 120.0 2.0 3.0 left
190 237 -1 90.0 120.0 3.0 6.5 90.0 120.0 True 180.0 4.0 315.0 120.0 3.0 3.0 right
191 72 -1 90.0 120.0 3.0 6.5 90.0 120.0 False 180.0 4.0 0.0 120.0 2.75 3.0 left
192 290 1 90.0 120.0 3.0 6.5 90.0 120.0 True 180.0 4.0 45.0 120.0 1.0 3.0 right
193 236 -1 90.0 120.0 3.0 6.5 90.0 120.0 False 180.0 4.0 270.0 120.0 2.5 3.0 left
194 70 -1 90.0 120.0 3.0 6.5 90.0 120.0 True 180.0 4.0 315.0 120.0 1.25 3.0 right
195 43 1 90.0 120.0 3.0 6.5 90.0 120.0 True 180.0 4.0 135.0 120.0 3.5 3.0 left
196 260 -1 90.0 120.0 3.0 6.5 90.0 120.0 False 180.0 4.0 180.0 120.0 0.75 3.0 left
197 103 1 90.0 120.0 3.0 6.5 90.0 120.0 False 180.0 4.0 45.0 120.0 1.0 3.0 left
198 343 1 90.0 120.0 3.0 6.5 90.0 120.0 True 180.0 4.0 315.0 120.0 0.75 3.0 right
199 294 1 90.0 120.0 3.0 6.5 90.0 120.0 True 180.0 4.0 315.0 120.0 2.0 3.0 right
200 279 1 90.0 120.0 3.0 6.5 90.0 120.0 False 180.0 4.0 135.0 120.0 1.75 3.0 left
201 199 -1 90.0 120.0 3.0 6.5 90.0 120.0 False 180.0 4.0 225.0 120.0 3.25 3.0 left
202 251 1 90.0 120.0 3.0 6.5 90.0 120.0 False 180.0 4.0 315.0 120.0 1.25 3.0 left
203 320 1 90.0 120.0 3.0 6.5 90.0 120.0 True 180.0 4.0 270.0 120.0 3.25 3.0 right
204 244 1 90.0 120.0 3.0 6.5 90.0 120.0 False 180.0 4.0 90.0 120.0 2.5 3.0 left
205 315 -1 90.0 120.0 3.0 6.5 90.0 120.0 True 180.0 4.0 180.0 120.0 3.5 3.0 right
206 151 -1 90.0 120.0 3.0 6.5 90.0 120.0 False 180.0 4.0 315.0 120.0 2.5 3.0 left
207 187 -1 90.0 120.0 3.0 6.5 90.0 120.0 True 180.0 4.0 0.0 120.0 1.0 3.0 right
208 345 -1 90.0 120.0 3.0 6.5 90.0 120.0 True 180.0 4.0 135.0 120.0 3.0 3.0 left
209 342 -1 90.0 120.0 3.0 6.5 90.0 120.0 True 180.0 4.0 0.0 120.0 2.75 3.0 right
210 73 -1 90.0 120.0 3.0 6.5 90.0 120.0 False 180.0 4.0 225.0 120.0 0.75 3.0 left
211 176 1 90.0 120.0 3.0 6.5 90.0 120.0 False 180.0 4.0 225.0 120.0 2.25 3.0 left
212 145 -1 90.0 120.0 3.0 6.5 90.0 120.0 False 180.0 4.0 90.0 120.0 2.5 3.0 right
213 289 1 90.0 120.0 3.0 6.5 90.0 120.0 True 180.0 4.0 0.0 120.0 2.25 3.0 right
214 55 1 90.0 120.0 3.0 6.5 90.0 120.0 True 180.0 4.0 180.0 120.0 2.75 3.0 left
215 240 1 90.0 120.0 3.0 6.5 90.0 120.0 False 180.0 4.0 135.0 120.0 2.25 3.0 left
216 128 -1 90.0 120.0 3.0 6.5 90.0 120.0 True 180.0 4.0 90.0 120.0 1.0 3.0 right
217 89 -1 90.0 120.0 3.0 6.5 90.0 120.0 True 180.0 4.0 90.0 120.0 2.5 3.0 right
218 146 -1 90.0 120.0 3.0 6.5 90.0 120.0 False 180.0 4.0 90.0 120.0 1.25 3.0 left
219 208 1 90.0 120.0 3.0 6.5 90.0 120.0 True 180.0 4.0 225.0 120.0 2.5 3.0 left
220 292 1 90.0 120.0 3.0 6.5 90.0 120.0 True 180.0 4.0 45.0 120.0 3.0 3.0 right
221 243 -1 90.0 120.0 3.0 6.5 90.0 120.0 True 180.0 4.0 180.0 120.0 0.75 3.0 right
222 12 -1 90.0 120.0 3.0 6.5 90.0 120.0 True 180.0 4.0 135.0 120.0 1.75 3.0 right
223 219 1 90.0 120.0 3.0 6.5 90.0 120.0 False 180.0 4.0 225.0 120.0 3.5 3.0 left
224 105 -1 90.0 120.0 3.0 6.5 90.0 120.0 False 180.0 4.0 45.0 120.0 1.5 3.0 left
225 324 1 90.0 120.0 3.0 6.5 90.0 120.0 False 180.0 4.0 45.0 120.0 3.5 3.0 right
226 243 1 90.0 120.0 3.0 6.5 90.0 120.0 False 180.0 4.0 90.0 120.0 1.75 3.0 left
227 340 -1 90.0 120.0 3.0 6.5 90.0 120.0 False 180.0 4.0 315.0 120.0 2.25 3.0 left
228 63 1 90.0 120.0 3.0 6.5 90.0 120.0 False 180.0 4.0 315.0 120.0 2.25 3.0 left
229 15 1 90.0 120.0 3.0 6.5 90.0 120.0 False 180.0 4.0 90.0 120.0 1.25 3.0 left
230 304 -1 90.0 120.0 3.0 6.5 90.0 120.0 False 180.0 4.0 225.0 120.0 2.75 3.0 right
231 57 1 90.0 120.0 3.0 6.5 90.0 120.0 False 180.0 4.0 315.0 120.0 3.0 3.0 left
232 294 1 90.0 120.0 3.0 6.5 90.0 120.0 False 180.0 4.0 135.0 120.0 2.5 3.0 left
233 316 1 90.0 120.0 3.0 6.5 90.0 120.0 False 180.0 4.0 0.0 120.0 1.25 3.0 left
234 242 -1 90.0 120.0 3.0 6.5 90.0 120.0 True 180.0 4.0 225.0 120.0 0.75 3.0 right
235 299 1 90.0 120.0 3.0 6.5 90.0 120.0 False 180.0 4.0 135.0 120.0 3.5 3.0 right
236 181 1 90.0 120.0 3.0 6.5 90.0 120.0 True 180.0 4.0 225.0 120.0 1.0 3.0 right
237 30 1 90.0 120.0 3.0 6.5 90.0 120.0 True 180.0 4.0 180.0 120.0 3.0 3.0 left
238 247 -1 90.0 120.0 3.0 6.5 90.0 120.0 True 180.0 4.0 315.0 120.0 1.0 3.0 right
239 91 1 90.0 120.0 3.0 6.5 90.0 120.0 True 180.0 4.0 135.0 120.0 0.75 3.0 right
240 20 1 90.0 120.0 3.0 6.5 90.0 120.0 True 180.0 4.0 0.0 120.0 3.0 3.0 right
241 342 1 90.0 120.0 3.0 6.5 90.0 120.0 False 180.0 4.0 270.0 120.0 2.5 3.0 right
242 276 1 90.0 120.0 3.0 6.5 90.0 120.0 False 180.0 4.0 225.0 120.0 3.0 3.0 left
243 109 -1 90.0 120.0 3.0 6.5 90.0 120.0 False 180.0 4.0 0.0 120.0 2.25 3.0 left
244 327 1 90.0 120.0 3.0 6.5 90.0 120.0 False 180.0 4.0 135.0 120.0 2.75 3.0 left
245 335 1 90.0 120.0 3.0 6.5 90.0 120.0 True 180.0 4.0 90.0 120.0 3.25 3.0 left
246 212 1 90.0 120.0 3.0 6.5 90.0 120.0 False 180.0 4.0 45.0 120.0 2.0 3.0 left
247 67 1 90.0 120.0 3.0 6.5 90.0 120.0 False 180.0 4.0 315.0 120.0 1.75 3.0 left
248 127 1 90.0 120.0 3.0 6.5 90.0 120.0 True 180.0 4.0 180.0 120.0 0.75 3.0 right
249 110 -1 90.0 120.0 3.0 6.5 90.0 120.0 True 180.0 4.0 90.0 120.0 0.75 3.0 right
250 278 -1 90.0 120.0 3.0 6.5 90.0 120.0 False 180.0 4.0 135.0 120.0 0.75 3.0 left
251 302 -1 90.0 120.0 3.0 6.5 90.0 120.0 False 180.0 4.0 135.0 120.0 1.5 3.0 left
252 1 1 90.0 120.0 3.0 6.5 90.0 120.0 True 180.0 4.0 0.0 120.0 1.25 3.0 right
253 252 1 90.0 120.0 3.0 6.5 90.0 120.0 True 180.0 4.0 135.0 120.0 2.25 3.0 right
254 129 1 90.0 120.0 3.0 6.5 90.0 120.0 True 180.0 4.0 270.0 120.0 1.75 3.0 right
255 348 1 90.0 120.0 3.0 6.5 90.0 120.0 False 180.0 4.0 180.0 120.0 2.75 3.0 right
256 224 1 90.0 120.0 3.0 6.5 90.0 120.0 True 180.0 4.0 45.0 120.0 3.5 3.0 left
257 272 -1 90.0 120.0 3.0 6.5 90.0 120.0 False 180.0 4.0 270.0 120.0 3.0 3.0 right
258 10 -1 90.0 120.0 3.0 6.5 90.0 120.0 True 180.0 4.0 135.0 120.0 2.5 3.0 right
259 288 1 90.0 120.0 3.0 6.5 90.0 120.0 False 180.0 4.0 45.0 120.0 1.75 3.0 left
260 21 1 90.0 120.0 3.0 6.5 90.0 120.0 True 180.0 4.0 315.0 120.0 1.5 3.0 left
261 218 1 90.0 120.0 3.0 6.5 90.0 120.0 False 180.0 4.0 225.0 120.0 3.25 3.0 left
262 41 1 90.0 120.0 3.0 6.5 90.0 120.0 True 180.0 4.0 90.0 120.0 1.75 3.0 right
263 298 -1 90.0 120.0 3.0 6.5 90.0 120.0 False 180.0 4.0 90.0 120.0 1.5 3.0 left
264 114 1 90.0 120.0 3.0 6.5 90.0 120.0 True 180.0 4.0 270.0 120.0 3.5 3.0 left
265 324 -1 90.0 120.0 3.0 6.5 90.0 120.0 False 180.0 4.0 45.0 120.0 2.25 3.0 left
266 197 -1 90.0 120.0 3.0 6.5 90.0 120.0 True 180.0 4.0 180.0 120.0 3.25 3.0 left
267 212 -1 90.0 120.0 3.0 6.5 90.0 120.0 True 180.0 4.0 225.0 120.0 1.75 3.0 right
268 290 1 90.0 120.0 3.0 6.5 90.0 120.0 True 180.0 4.0 45.0 120.0 2.0 3.0 right
269 93 1 90.0 120.0 3.0 6.5 90.0 120.0 True 180.0 4.0 225.0 120.0 3.5 3.0 right
270 289 1 90.0 120.0 3.0 6.5 90.0 120.0 True 180.0 4.0 225.0 120.0 1.25 3.0 right
271 226 1 90.0 120.0 3.0 6.5 90.0 120.0 True 180.0 4.0 180.0 120.0 2.5 3.0 right
272 249 1 90.0 120.0 3.0 6.5 90.0 120.0 True 180.0 4.0 225.0 120.0 1.75 3.0 right
273 267 -1 90.0 120.0 3.0 6.5 90.0 120.0 True 180.0 4.0 315.0 120.0 2.25 3.0 left
274 323 -1 90.0 120.0 3.0 6.5 90.0 120.0 False 180.0 4.0 180.0 120.0 1.5 3.0 left
275 212 -1 90.0 120.0 3.0 6.5 90.0 120.0 True 180.0 4.0 90.0 120.0 3.25 3.0 right
276 211 -1 90.0 120.0 3.0 6.5 90.0 120.0 True 180.0 4.0 135.0 120.0 0.75 3.0 right
277 223 -1 90.0 120.0 3.0 6.5 90.0 120.0 False 180.0 4.0 45.0 120.0 2.5 3.0 left
278 0 -1 90.0 120.0 3.0 6.5 90.0 120.0 True 180.0 4.0 180.0 120.0 2.5 3.0 right
279 97 1 90.0 120.0 3.0 6.5 90.0 120.0 False 180.0 4.0 135.0 120.0 3.0 3.0 left
280 324 1 90.0 120.0 3.0 6.5 90.0 120.0 False 180.0 4.0 225.0 120.0 1.5 3.0 left
281 296 -1 90.0 120.0 3.0 6.5 90.0 120.0 True 180.0 4.0 90.0 120.0 1.5 3.0 right
282 117 1 90.0 120.0 3.0 6.5 90.0 120.0 False 180.0 4.0 0.0 120.0 0.75 3.0 left
283 149 1 90.0 120.0 3.0 6.5 90.0 120.0 False 180.0 4.0 315.0 120.0 1.0 3.0 left
284 90 -1 90.0 120.0 3.0 6.5 90.0 120.0 False 180.0 4.0 315.0 120.0 1.0 3.0 left
285 36 -1 90.0 120.0 3.0 6.5 90.0 120.0 True 180.0 4.0 90.0 120.0 2.75 3.0 left
286 155 -1 90.0 120.0 3.0 6.5 90.0 120.0 True 180.0 4.0 0.0 120.0 0.75 3.0 right
287 12 -1 90.0 120.0 3.0 6.5 90.0 120.0 False 180.0 4.0 225.0 120.0 1.5 3.0 left
288 325 1 90.0 120.0 3.0 6.5 90.0 120.0 True 180.0 4.0 270.0 120.0 2.5 3.0 left
289 332 1 90.0 120.0 3.0 6.5 90.0 120.0 False 180.0 4.0 270.0 120.0 1.25 3.0 left
290 238 -1 90.0 120.0 3.0 6.5 90.0 120.0 False 180.0 4.0 90.0 120.0 2.75 3.0 right
291 131 1 90.0 120.0 3.0 6.5 90.0 120.0 True 180.0 4.0 225.0 120.0 2.0 3.0 right
292 199 -1 90.0 120.0 3.0 6.5 90.0 120.0 True 180.0 4.0 315.0 120.0 3.5 3.0 left
293 64 -1 90.0 120.0 3.0 6.5 90.0 120.0 False 180.0 4.0 180.0 120.0 1.25 3.0 left
294 205 -1 90.0 120.0 3.0 6.5 90.0 120.0 False 180.0 4.0 0.0 120.0 3.0 3.0 left
295 211 1 90.0 120.0 3.0 6.5 90.0 120.0 True 180.0 4.0 180.0 120.0 2.0 3.0 right
296 221 1 90.0 120.0 3.0 6.5 90.0 120.0 False 180.0 4.0 135.0 120.0 0.75 3.0 left
297 195 -1 90.0 120.0 3.0 6.5 90.0 120.0 False 180.0 4.0 225.0 120.0 2.5 3.0 left
298 216 1 90.0 120.0 3.0 6.5 90.0 120.0 False 180.0 4.0 0.0 120.0 2.0 3.0 left
299 249 -1 90.0 120.0 3.0 6.5 90.0 120.0 True 180.0 4.0 45.0 120.0 2.25 3.0 right
300 241 -1 90.0 120.0 3.0 6.5 90.0 120.0 True 180.0 4.0 135.0 120.0 1.25 3.0 right
301 144 1 90.0 120.0 3.0 6.5 90.0 120.0 True 180.0 4.0 225.0 120.0 2.25 3.0 right
302 277 1 90.0 120.0 3.0 6.5 90.0 120.0 False 180.0 4.0 45.0 120.0 3.25 3.0 left
303 51 -1 90.0 120.0 3.0 6.5 90.0 120.0 True 180.0 4.0 180.0 120.0 3.0 3.0 left
304 251 -1 90.0 120.0 3.0 6.5 90.0 120.0 True 180.0 4.0 0.0 120.0 3.5 3.0 right
305 5 -1 90.0 120.0 3.0 6.5 90.0 120.0 False 180.0 4.0 0.0 120.0 3.5 3.0 right
306 26 1 90.0 120.0 3.0 6.5 90.0 120.0 True 180.0 4.0 180.0 120.0 1.0 3.0 right
307 24 -1 90.0 120.0 3.0 6.5 90.0 120.0 False 180.0 4.0 225.0 120.0 2.0 3.0 left
308 214 1 90.0 120.0 3.0 6.5 90.0 120.0 False 180.0 4.0 0.0 120.0 2.75 3.0 left
309 254 1 90.0 120.0 3.0 6.5 90.0 120.0 True 180.0 4.0 90.0 120.0 2.75 3.0 right
310 107 1 90.0 120.0 3.0 6.5 90.0 120.0 True 180.0 4.0 135.0 120.0 1.5 3.0 right
311 231 -1 90.0 120.0 3.0 6.5 90.0 120.0 True 180.0 4.0 45.0 120.0 1.75 3.0 right
312 316 -1 90.0 120.0 3.0 6.5 90.0 120.0 False 180.0 4.0 315.0 120.0 3.5 3.0 right
313 159 -1 90.0 120.0 3.0 6.5 90.0 120.0 False 180.0 4.0 90.0 120.0 1.75 3.0 left
314 182 -1 90.0 120.0 3.0 6.5 90.0 120.0 False 180.0 4.0 315.0 120.0 0.75 3.0 left
315 236 1 90.0 120.0 3.0 6.5 90.0 120.0 True 180.0 4.0 135.0 120.0 2.0 3.0 right
316 235 -1 90.0 120.0 3.0 6.5 90.0 120.0 False 180.0 4.0 0.0 120.0 1.0 3.0 left
317 24 -1 90.0 120.0 3.0 6.5 90.0 120.0 False 180.0 4.0 180.0 120.0 3.5 3.0 right
318 124 -1 90.0 120.0 3.0 6.5 90.0 120.0 False 180.0 4.0 180.0 120.0 2.25 3.0 left
319 218 1 90.0 120.0 3.0 6.5 90.0 120.0 True 180.0 4.0 270.0 120.0 1.5 3.0 right
320 70 -1 90.0 120.0 3.0 6.5 90.0 120.0 True 180.0 4.0 0.0 120.0 3.25 3.0 left
321 279 1 90.0 120.0 3.0 6.5 90.0 120.0 True 180.0 4.0 135.0 120.0 2.5 3.0 left
322 284 -1 90.0 120.0 3.0 6.5 90.0 120.0 True 180.0 4.0 270.0 120.0 1.0 3.0 right
323 263 -1 90.0 120.0 3.0 6.5 90.0 120.0 True 180.0 4.0 270.0 120.0 2.5 3.0 left
324 230 1 90.0 120.0 3.0 6.5 90.0 120.0 True 180.0 4.0 0.0 120.0 3.25 3.0 left
325 118 1 90.0 120.0 3.0 6.5 90.0 120.0 True 180.0 4.0 180.0 120.0 3.5 3.0 left
326 228 1 90.0 120.0 3.0 6.5 90.0 120.0 True 180.0 4.0 180.0 120.0 1.75 3.0 right
327 343 1 90.0 120.0 3.0 6.5 90.0 120.0 True 180.0 4.0 135.0 120.0 1.25 3.0 right
328 317 1 90.0 120.0 3.0 6.5 90.0 120.0 True 180.0 4.0 180.0 120.0 1.5 3.0 right
329 249 1 90.0 120.0 3.0 6.5 90.0 120.0 True 180.0 4.0 315.0 120.0 2.75 3.0 left
330 273 -1 90.0 120.0 3.0 6.5 90.0 120.0 True 180.0 4.0 135.0 120.0 3.25 3.0 right
331 201 -1 90.0 120.0 3.0 6.5 90.0 120.0 False 180.0 4.0 225.0 120.0 3.0 3.0 right
332 244 -1 90.0 120.0 3.0 6.5 90.0 120.0 True 180.0 4.0 315.0 120.0 2.75 3.0 left
333 45 -1 90.0 120.0 3.0 6.5 90.0 120.0 False 180.0 4.0 270.0 120.0 2.25 3.0 left
334 289 1 90.0 120.0 3.0 6.5 90.0 120.0 False 180.0 4.0 270.0 120.0 2.25 3.0 left
335 64 1 90.0 120.0 3.0 6.5 90.0 120.0 True 180.0 4.0 90.0 120.0 3.0 3.0 right
336 184 1 90.0 120.0 3.0 6.5 90.0 120.0 True 180.0 4.0 0.0 120.0 0.75 3.0 right
337 2 -1 90.0 120.0 3.0 6.5 90.0 120.0 False 180.0 4.0 45.0 120.0 3.0 3.0 right
338 70 1 90.0 120.0 3.0 6.5 90.0 120.0 True 180.0 4.0 270.0 120.0 2.0 3.0 right
339 356 -1 90.0 120.0 3.0 6.5 90.0 120.0 True 180.0 4.0 0.0 120.0 2.5 3.0 right
340 165 -1 90.0 120.0 3.0 6.5 90.0 120.0 False 180.0 4.0 135.0 120.0 2.75 3.0 right
341 208 -1 90.0 120.0 3.0 6.5 90.0 120.0 True 180.0 4.0 90.0 120.0 2.25 3.0 right
342 352 -1 90.0 120.0 3.0 6.5 90.0 120.0 False 180.0 4.0 135.0 120.0 1.0 3.0 left
343 33 1 90.0 120.0 3.0 6.5 90.0 120.0 False 180.0 4.0 0.0 120.0 1.5 3.0 left
344 63 1 90.0 120.0 3.0 6.5 90.0 120.0 False 180.0 4.0 90.0 120.0 3.5 3.0 left
345 176 -1 90.0 120.0 3.0 6.5 90.0 120.0 False 180.0 4.0 270.0 120.0 3.5 3.0 left
346 131 1 90.0 120.0 3.0 6.5 90.0 120.0 False 180.0 4.0 315.0 120.0 3.25 3.0 left
347 40 1 90.0 120.0 3.0 6.5 90.0 120.0 False 180.0 4.0 45.0 120.0 1.5 3.0 left
348 228 -1 90.0 120.0 3.0 6.5 90.0 120.0 False 180.0 4.0 135.0 120.0 1.25 3.0 left
349 128 1 90.0 120.0 3.0 6.5 90.0 120.0 True 180.0 4.0 45.0 120.0 2.75 3.0 left
350 322 1 90.0 120.0 3.0 6.5 90.0 120.0 True 180.0 4.0 270.0 120.0 1.25 3.0 right
351 72 1 90.0 120.0 3.0 6.5 90.0 120.0 True 180.0 4.0 0.0 120.0 1.5 3.0 right
352 313 1 90.0 120.0 3.0 6.5 90.0 120.0 False 180.0 4.0 45.0 120.0 2.25 3.0 left
353 123 1 90.0 120.0 3.0 6.5 90.0 120.0 False 180.0 4.0 270.0 120.0 2.75 3.0 left
354 313 1 90.0 120.0 3.0 6.5 90.0 120.0 True 180.0 4.0 225.0 120.0 1.5 3.0 right
355 29 1 90.0 120.0 3.0 6.5 90.0 120.0 True 180.0 4.0 90.0 120.0 3.5 3.0 right
356 358 -1 90.0 120.0 3.0 6.5 90.0 120.0 False 180.0 4.0 270.0 120.0 1.0 3.0 left
357 193 -1 90.0 120.0 3.0 6.5 90.0 120.0 False 180.0 4.0 90.0 120.0 3.25 3.0 right
358 264 -1 90.0 120.0 3.0 6.5 90.0 120.0 True 180.0 4.0 0.0 120.0 3.0 3.0 right
359 80 1 90.0 120.0 3.0 6.5 90.0 120.0 True 180.0 4.0 0.0 120.0 1.75 3.0 right
360 8 1 90.0 120.0 3.0 6.5 90.0 120.0 False 180.0 4.0 0.0 120.0 3.0 3.0 right
361 167 -1 90.0 120.0 3.0 6.5 90.0 120.0 True 180.0 4.0 270.0 120.0 1.25 3.0 right
362 34 1 90.0 120.0 3.0 6.5 90.0 120.0 True 180.0 4.0 180.0 120.0 1.25 3.0 right
363 288 1 90.0 120.0 3.0 6.5 90.0 120.0 False 180.0 4.0 180.0 120.0 1.75 3.0 left
364 4 1 90.0 120.0 3.0 6.5 90.0 120.0 False 180.0 4.0 270.0 120.0 1.5 3.0 left
365 341 1 90.0 120.0 3.0 6.5 90.0 120.0 False 180.0 4.0 180.0 120.0 1.5 3.0 left
366 7 1 90.0 120.0 3.0 6.5 90.0 120.0 True 180.0 4.0 0.0 120.0 3.5 3.0 left
367 177 -1 90.0 120.0 3.0 6.5 90.0 120.0 True 180.0 4.0 315.0 120.0 1.5 3.0 right
368 116 1 90.0 120.0 3.0 6.5 90.0 120.0 False 180.0 4.0 45.0 120.0 1.25 3.0 left
369 223 1 90.0 120.0 3.0 6.5 90.0 120.0 True 180.0 4.0 45.0 120.0 3.25 3.0 left
370 331 1 90.0 120.0 3.0 6.5 90.0 120.0 False 180.0 4.0 45.0 120.0 2.75 3.0 left
371 179 -1 90.0 120.0 3.0 6.5 90.0 120.0 True 180.0 4.0 225.0 120.0 2.0 3.0 right
372 139 1 90.0 120.0 3.0 6.5 90.0 120.0 False 180.0 4.0 315.0 120.0 1.5 3.0 left
373 110 -1 90.0 120.0 3.0 6.5 90.0 120.0 True 180.0 4.0 135.0 120.0 2.0 3.0 right
374 206 1 90.0 120.0 3.0 6.5 90.0 120.0 True 180.0 4.0 315.0 120.0 3.25 3.0 right
375 162 -1 90.0 120.0 3.0 6.5 90.0 120.0 False 180.0 4.0 90.0 120.0 3.5 3.0 right
376 66 1 90.0 120.0 3.0 6.5 90.0 120.0 False 180.0 4.0 180.0 120.0 0.75 3.0 right
377 117 -1 90.0 120.0 3.0 6.5 90.0 120.0 False 180.0 4.0 0.0 120.0 3.25 3.0 right
378 268 -1 90.0 120.0 3.0 6.5 90.0 120.0 True 180.0 4.0 270.0 120.0 2.0 3.0 right
379 114 1 90.0 120.0 3.0 6.5 90.0 120.0 True 180.0 4.0 45.0 120.0 2.25 3.0 right
380 245 -1 90.0 120.0 3.0 6.5 90.0 120.0 True 180.0 4.0 315.0 120.0 1.75 3.0 right
381 291 1 90.0 120.0 3.0 6.5 90.0 120.0 False 180.0 4.0 270.0 120.0 1.0 3.0 left
382 3 -1 90.0 120.0 3.0 6.5 90.0 120.0 False 180.0 4.0 0.0 120.0 2.5 3.0 left
383 23 -1 90.0 120.0 3.0 6.5 90.0 120.0 True 180.0 4.0 135.0 120.0 2.75 3.0 left
384 345 1 90.0 120.0 3.0 6.5 90.0 120.0 True 180.0 4.0 135.0 120.0 1.75 3.0 right
