trial angleIni angleLandmark direction durationRampingIni durationFinal sizeLandmark radiusLandmark durationRampingFinal durationIni same radius duration durationRampingLand freq size response
1 206.730454165 161.458186401 1 90.0 120.0 3.0 6.5 90.0 120.0 False 4.0 180.0 120.0 1.25 3.0 left
2 344.968707555 177.64644064 1 90.0 120.0 3.0 6.5 90.0 120.0 True 4.0 180.0 120.0 2.25 3.0 right
3 142.40057048 28.5243465197 -1 90.0 120.0 3.0 6.5 90.0 120.0 False 4.0 180.0 120.0 1.75 3.0 left
4 324.271288006 314.341771856 -1 90.0 120.0 3.0 6.5 90.0 120.0 True 4.0 180.0 120.0 2.5 3.0 right
5 269.404961492 79.8350405131 -1 90.0 120.0 3.0 6.5 90.0 120.0 False 4.0 180.0 120.0 1.0 3.0 left
6 77.6775283239 152.325140599 1 90.0 120.0 3.0 6.5 90.0 120.0 True 4.0 180.0 120.0 2.0 3.0 right
7 233.764630299 161.299417221 -1 90.0 120.0 3.0 6.5 90.0 120.0 True 4.0 180.0 120.0 2.0 3.0 right
8 295.516983992 5.50926293447 -1 90.0 120.0 3.0 6.5 90.0 120.0 False 4.0 180.0 120.0 1.5 3.0 left
9 113.967290981 128.035620157 1 90.0 120.0 3.0 6.5 90.0 120.0 False 4.0 180.0 120.0 2.25 3.0 left
10 110.013389463 73.4569097753 -1 90.0 120.0 3.0 6.5 90.0 120.0 False 4.0 180.0 120.0 2.5 3.0 right
11 54.8509590116 285.571486057 1 90.0 120.0 3.0 6.5 90.0 120.0 False 4.0 180.0 120.0 0.75 3.0 left
12 185.702153752 216.956789078 1 90.0 120.0 3.0 6.5 90.0 120.0 True 4.0 180.0 120.0 2.75 3.0 left
13 274.82081111 318.077825417 -1 90.0 120.0 3.0 6.5 90.0 120.0 True 4.0 180.0 120.0 1.0 3.0 right
14 294.108309442 99.1047873211 1 90.0 120.0 3.0 6.5 90.0 120.0 False 4.0 180.0 120.0 1.0 3.0 left
15 105.458038571 11.7739951098 1 90.0 120.0 3.0 6.5 90.0 120.0 True 4.0 180.0 120.0 1.0 3.0 right
16 340.129168187 164.054439702 -1 90.0 120.0 3.0 6.5 90.0 120.0 False 4.0 180.0 120.0 2.75 3.0 right
17 98.705447669 154.550971561 1 90.0 120.0 3.0 6.5 90.0 120.0 False 4.0 180.0 120.0 2.75 3.0 left
18 315.088505627 241.553266588 -1 90.0 120.0 3.0 6.5 90.0 120.0 False 4.0 180.0 120.0 2.0 3.0 left
19 253.629102918 352.762045474 1 90.0 120.0 3.0 6.5 90.0 120.0 False 4.0 180.0 120.0 2.5 3.0 right
20 151.387576191 65.4965849044 1 90.0 120.0 3.0 6.5 90.0 120.0 True 4.0 180.0 120.0 2.5 3.0 right
21 169.198900905 290.864779139 -1 90.0 120.0 3.0 6.5 90.0 120.0 True 4.0 180.0 120.0 1.25 3.0 right
22 216.619578746 241.51833363 -1 90.0 120.0 3.0 6.5 90.0 120.0 True 4.0 180.0 120.0 2.25 3.0 left
23 301.064469832 201.025232904 -1 90.0 120.0 3.0 6.5 90.0 120.0 True 4.0 180.0 120.0 2.75 3.0 right
24 203.285824315 32.5779350869 -1 90.0 120.0 3.0 6.5 90.0 120.0 False 4.0 180.0 120.0 2.25 3.0 left
25 62.351591732 245.978842833 -1 90.0 120.0 3.0 6.5 90.0 120.0 True 4.0 180.0 120.0 0.75 3.0 right
26 43.228390552 196.814155376 1 90.0 120.0 3.0 6.5 90.0 120.0 False 4.0 180.0 120.0 1.5 3.0 left
27 208.503541735 136.534426928 -1 90.0 120.0 3.0 6.5 90.0 120.0 True 4.0 180.0 120.0 1.75 3.0 right
28 115.11651161 329.013390802 1 90.0 120.0 3.0 6.5 90.0 120.0 True 4.0 180.0 120.0 1.25 3.0 right
29 188.957499254 48.4720107651 1 90.0 120.0 3.0 6.5 90.0 120.0 True 4.0 180.0 120.0 1.5 3.0 right
30 11.5198543873 80.6347184577 -1 90.0 120.0 3.0 6.5 90.0 120.0 True 4.0 180.0 120.0 1.5 3.0 right
31 131.93574841 29.1461908588 -1 90.0 120.0 3.0 6.5 90.0 120.0 False 4.0 180.0 120.0 0.75 3.0 left
32 121.810401045 212.819934892 1 90.0 120.0 3.0 6.5 90.0 120.0 False 4.0 180.0 120.0 2.0 3.0 left
33 309.814233272 92.3127781939 -1 90.0 120.0 3.0 6.5 90.0 120.0 False 4.0 180.0 120.0 1.25 3.0 left
34 187.297070801 313.044788957 1 90.0 120.0 3.0 6.5 90.0 120.0 True 4.0 180.0 120.0 0.75 3.0 right
35 339.255653605 313.137197021 1 90.0 120.0 3.0 6.5 90.0 120.0 True 4.0 180.0 120.0 1.75 3.0 right
36 233.498164016 322.142589194 1 90.0 120.0 3.0 6.5 90.0 120.0 False 4.0 180.0 120.0 1.75 3.0 left
37 248.422871912 227.612796814 1 90.0 120.0 3.0 6.5 90.0 120.0 False 4.0 180.0 120.0 1.25 3.0 left
38 175.504757377 199.759126471 -1 90.0 120.0 3.0 6.5 90.0 120.0 True 4.0 180.0 120.0 1.75 3.0 right
39 241.090439799 53.683261887 1 90.0 120.0 3.0 6.5 90.0 120.0 False 4.0 180.0 120.0 0.75 3.0 left
40 45.4065432401 316.549298133 -1 90.0 120.0 3.0 6.5 90.0 120.0 True 4.0 180.0 120.0 1.25 3.0 right
41 262.44427118 313.055930989 1 90.0 120.0 3.0 6.5 90.0 120.0 False 4.0 180.0 120.0 1.0 3.0 left
42 270.961866895 318.550502076 -1 90.0 120.0 3.0 6.5 90.0 120.0 True 4.0 180.0 120.0 1.5 3.0 right
43 141.187611676 338.437000501 -1 90.0 120.0 3.0 6.5 90.0 120.0 True 4.0 180.0 120.0 2.5 3.0 left
44 250.005732514 189.338456046 -1 90.0 120.0 3.0 6.5 90.0 120.0 True 4.0 180.0 120.0 2.75 3.0 right
45 127.434416454 145.739490249 1 90.0 120.0 3.0 6.5 90.0 120.0 True 4.0 180.0 120.0 2.5 3.0 right
46 109.02273321 145.982105144 -1 90.0 120.0 3.0 6.5 90.0 120.0 True 4.0 180.0 120.0 1.0 3.0 right
47 118.323675636 260.664839162 1 90.0 120.0 3.0 6.5 90.0 120.0 True 4.0 180.0 120.0 1.25 3.0 right
48 317.376174966 118.05880595 1 90.0 120.0 3.0 6.5 90.0 120.0 True 4.0 180.0 120.0 0.75 3.0 right
49 227.022904972 219.951106249 -1 90.0 120.0 3.0 6.5 90.0 120.0 True 4.0 180.0 120.0 2.0 3.0 right
50 275.703487245 293.226502732 1 90.0 120.0 3.0 6.5 90.0 120.0 True 4.0 180.0 120.0 1.5 3.0 right
51 103.691475632 71.2106976778 -1 90.0 120.0 3.0 6.5 90.0 120.0 False 4.0 180.0 120.0 2.5 3.0 right
52 257.419221996 132.757866591 1 90.0 120.0 3.0 6.5 90.0 120.0 False 4.0 180.0 120.0 2.0 3.0 left
53 275.142818022 79.9973243919 -1 90.0 120.0 3.0 6.5 90.0 120.0 False 4.0 180.0 120.0 1.75 3.0 left
54 301.586827957 295.98055733 1 90.0 120.0 3.0 6.5 90.0 120.0 False 4.0 180.0 120.0 2.5 3.0 right
55 354.957013172 103.197612201 -1 90.0 120.0 3.0 6.5 90.0 120.0 False 4.0 180.0 120.0 2.75 3.0 right
56 191.021565982 337.237755152 1 90.0 120.0 3.0 6.5 90.0 120.0 False 4.0 180.0 120.0 2.25 3.0 left
57 301.831186527 67.2046423884 1 90.0 120.0 3.0 6.5 90.0 120.0 True 4.0 180.0 120.0 2.0 3.0 right
58 17.1248635829 102.555820965 -1 90.0 120.0 3.0 6.5 90.0 120.0 False 4.0 180.0 120.0 2.0 3.0 left
59 352.3480896 153.621910175 1 90.0 120.0 3.0 6.5 90.0 120.0 True 4.0 180.0 120.0 1.0 3.0 right
60 220.369688296 318.068845755 -1 90.0 120.0 3.0 6.5 90.0 120.0 False 4.0 180.0 120.0 1.0 3.0 left
61 86.8477519191 242.25874495 1 90.0 120.0 3.0 6.5 90.0 120.0 False 4.0 180.0 120.0 1.75 3.0 left
62 243.48551799 31.5583561569 -1 90.0 120.0 3.0 6.5 90.0 120.0 False 4.0 180.0 120.0 1.25 3.0 left
63 29.9840588886 177.096716778 -1 90.0 120.0 3.0 6.5 90.0 120.0 False 4.0 180.0 120.0 1.5 3.0 left
64 20.2314203711 151.413645356 -1 90.0 120.0 3.0 6.5 90.0 120.0 False 4.0 180.0 120.0 2.25 3.0 left
65 225.045411269 107.425817921 1 90.0 120.0 3.0 6.5 90.0 120.0 True 4.0 180.0 120.0 2.75 3.0 right
66 133.994617906 222.490017327 -1 90.0 120.0 3.0 6.5 90.0 120.0 False 4.0 180.0 120.0 0.75 3.0 left
67 283.817016419 80.1690428012 1 90.0 120.0 3.0 6.5 90.0 120.0 False 4.0 180.0 120.0 2.75 3.0 left
68 84.8895043753 319.633079331 -1 90.0 120.0 3.0 6.5 90.0 120.0 True 4.0 180.0 120.0 2.25 3.0 right
69 23.0424653879 197.946142116 -1 90.0 120.0 3.0 6.5 90.0 120.0 True 4.0 180.0 120.0 0.75 3.0 right
70 310.982832442 312.631179826 1 90.0 120.0 3.0 6.5 90.0 120.0 True 4.0 180.0 120.0 2.25 3.0 right
71 254.839425661 304.660626608 1 90.0 120.0 3.0 6.5 90.0 120.0 False 4.0 180.0 120.0 1.5 3.0 left
72 97.9891116602 182.707791476 1 90.0 120.0 3.0 6.5 90.0 120.0 True 4.0 180.0 120.0 1.75 3.0 right
73 31.7908956367 273.012927928 -1 90.0 120.0 3.0 6.5 90.0 120.0 True 4.0 180.0 120.0 0.75 3.0 right
74 293.919207556 163.874780478 -1 90.0 120.0 3.0 6.5 90.0 120.0 True 4.0 180.0 120.0 2.0 3.0 right
75 130.839638423 21.7059306975 -1 90.0 120.0 3.0 6.5 90.0 120.0 False 4.0 180.0 120.0 2.5 3.0 left
76 197.569540122 344.977332517 -1 90.0 120.0 3.0 6.5 90.0 120.0 True 4.0 180.0 120.0 1.25 3.0 right
77 196.236856028 13.7555184091 1 90.0 120.0 3.0 6.5 90.0 120.0 False 4.0 180.0 120.0 1.75 3.0 left
78 44.1563579503 45.0482394816 -1 90.0 120.0 3.0 6.5 90.0 120.0 True 4.0 180.0 120.0 2.25 3.0 right
79 189.886926117 206.080267236 1 90.0 120.0 3.0 6.5 90.0 120.0 True 4.0 180.0 120.0 2.25 3.0 right
80 46.980109854 95.4701661509 1 90.0 120.0 3.0 6.5 90.0 120.0 False 4.0 180.0 120.0 2.5 3.0 right
81 76.4715035093 56.7139042934 1 90.0 120.0 3.0 6.5 90.0 120.0 False 4.0 180.0 120.0 2.75 3.0 left
82 354.944969428 193.010075084 -1 90.0 120.0 3.0 6.5 90.0 120.0 True 4.0 180.0 120.0 1.75 3.0 right
83 199.088974911 83.7826674079 1 90.0 120.0 3.0 6.5 90.0 120.0 False 4.0 180.0 120.0 1.5 3.0 left
84 191.447599117 217.634835142 1 90.0 120.0 3.0 6.5 90.0 120.0 False 4.0 180.0 120.0 2.25 3.0 left
85 184.760697753 266.605535783 -1 90.0 120.0 3.0 6.5 90.0 120.0 True 4.0 180.0 120.0 2.75 3.0 left
86 212.521003994 329.586999721 1 90.0 120.0 3.0 6.5 90.0 120.0 True 4.0 180.0 120.0 2.0 3.0 right
87 304.276342383 264.59588717 1 90.0 120.0 3.0 6.5 90.0 120.0 False 4.0 180.0 120.0 2.0 3.0 left
88 52.6838336775 151.250915118 1 90.0 120.0 3.0 6.5 90.0 120.0 True 4.0 180.0 120.0 1.25 3.0 right
89 201.451311648 335.753518341 -1 90.0 120.0 3.0 6.5 90.0 120.0 False 4.0 180.0 120.0 1.5 3.0 left
90 257.427947518 97.7501941335 -1 90.0 120.0 3.0 6.5 90.0 120.0 False 4.0 180.0 120.0 1.75 3.0 right
91 88.5857764682 177.46616602 -1 90.0 120.0 3.0 6.5 90.0 120.0 True 4.0 180.0 120.0 2.5 3.0 right
92 307.485370758 319.988447877 -1 90.0 120.0 3.0 6.5 90.0 120.0 False 4.0 180.0 120.0 0.75 3.0 left
93 319.257143728 341.490994924 1 90.0 120.0 3.0 6.5 90.0 120.0 True 4.0 180.0 120.0 2.75 3.0 right
94 221.295537447 332.516980069 1 90.0 120.0 3.0 6.5 90.0 120.0 True 4.0 180.0 120.0 1.5 3.0 right
95 206.476194694 169.966617605 -1 90.0 120.0 3.0 6.5 90.0 120.0 False 4.0 180.0 120.0 1.0 3.0 left
96 113.702193788 329.981976636 1 90.0 120.0 3.0 6.5 90.0 120.0 True 4.0 180.0 120.0 1.0 3.0 right
97 202.479724958 287.252483869 1 90.0 120.0 3.0 6.5 90.0 120.0 False 4.0 180.0 120.0 1.25 3.0 left
98 50.9730800383 288.692393454 1 90.0 120.0 3.0 6.5 90.0 120.0 False 4.0 180.0 120.0 1.0 3.0 left
99 251.853329946 234.537208983 1 90.0 120.0 3.0 6.5 90.0 120.0 True 4.0 180.0 120.0 1.75 3.0 right
100 119.798708894 114.974297262 -1 90.0 120.0 3.0 6.5 90.0 120.0 False 4.0 180.0 120.0 1.25 3.0 left
101 57.2463370453 88.3280361146 1 90.0 120.0 3.0 6.5 90.0 120.0 False 4.0 180.0 120.0 0.75 3.0 left
102 301.921825499 31.1598143203 -1 90.0 120.0 3.0 6.5 90.0 120.0 False 4.0 180.0 120.0 2.75 3.0 right
103 171.264693836 318.532302884 -1 90.0 120.0 3.0 6.5 90.0 120.0 False 4.0 180.0 120.0 2.25 3.0 left
104 265.990928098 230.134976105 -1 90.0 120.0 3.0 6.5 90.0 120.0 True 4.0 180.0 120.0 1.0 3.0 right
105 331.137845858 131.057689395 1 90.0 120.0 3.0 6.5 90.0 120.0 True 4.0 180.0 120.0 0.75 3.0 right
106 257.056347123 270.891837119 -1 90.0 120.0 3.0 6.5 90.0 120.0 True 4.0 180.0 120.0 1.5 3.0 right
107 354.831640979 354.662278655 -1 90.0 120.0 3.0 6.5 90.0 120.0 False 4.0 180.0 120.0 2.0 3.0 left
108 132.754066336 299.558339312 1 90.0 120.0 3.0 6.5 90.0 120.0 True 4.0 180.0 120.0 2.5 3.0 left
