trial angleIni angleLandmark direction durationRampingIni durationFinal sizeLandmark radiusLandmark durationRampingFinal durationIni same radius duration durationRampingLand freq size response
1 63.3092662994 297.915759765 -1 90.0 120.0 3.0 6.5 90.0 120.0 False 4.0 180.0 120.0 2.5 3.0 right
2 13.3809544561 183.163070881 -1 90.0 120.0 3.0 6.5 90.0 120.0 True 4.0 180.0 120.0 1.75 3.0 right
3 157.418666746 249.231483722 -1 90.0 120.0 3.0 6.5 90.0 120.0 True 4.0 180.0 120.0 2.75 3.0 left
4 244.664544818 294.836846724 1 90.0 120.0 3.0 6.5 90.0 120.0 True 4.0 180.0 120.0 2.25 3.0 right
5 223.539898689 16.9680051183 1 90.0 120.0 3.0 6.5 90.0 120.0 True 4.0 180.0 120.0 2.5 3.0 left
6 224.268983272 112.199896326 1 90.0 120.0 3.0 6.5 90.0 120.0 False 4.0 180.0 120.0 1.0 3.0 left
7 343.135052277 83.7714399995 1 90.0 120.0 3.0 6.5 90.0 120.0 True 4.0 180.0 120.0 1.5 3.0 right
8 169.43680397 266.243854191 -1 90.0 120.0 3.0 6.5 90.0 120.0 False 4.0 180.0 120.0 2.0 3.0 right
9 93.388707527 303.90382649 -1 90.0 120.0 3.0 6.5 90.0 120.0 True 4.0 180.0 120.0 1.0 3.0 right
10 354.36335584 45.8762246295 1 90.0 120.0 3.0 6.5 90.0 120.0 False 4.0 180.0 120.0 1.25 3.0 left
11 126.905944516 78.3898393847 1 90.0 120.0 3.0 6.5 90.0 120.0 True 4.0 180.0 120.0 1.25 3.0 right
12 73.0205611904 190.039362021 -1 90.0 120.0 3.0 6.5 90.0 120.0 True 4.0 180.0 120.0 2.25 3.0 left
13 148.724749124 309.891790753 -1 90.0 120.0 3.0 6.5 90.0 120.0 False 4.0 180.0 120.0 2.75 3.0 right
14 77.3966533325 352.747449466 -1 90.0 120.0 3.0 6.5 90.0 120.0 False 4.0 180.0 120.0 1.5 3.0 left
15 334.878126866 267.260364256 -1 90.0 120.0 3.0 6.5 90.0 120.0 True 4.0 180.0 120.0 0.75 3.0 right
16 103.742527511 98.8890213987 1 90.0 120.0 3.0 6.5 90.0 120.0 True 4.0 180.0 120.0 0.75 3.0 right
17 85.4104654973 131.437432075 -1 90.0 120.0 3.0 6.5 90.0 120.0 False 4.0 180.0 120.0 2.25 3.0 right
18 180.636407375 120.638040134 -1 90.0 120.0 3.0 6.5 90.0 120.0 True 4.0 180.0 120.0 1.5 3.0 right
19 16.2687713579 93.5298688655 1 90.0 120.0 3.0 6.5 90.0 120.0 False 4.0 180.0 120.0 2.25 3.0 left
20 53.4394699079 225.278956649 1 90.0 120.0 3.0 6.5 90.0 120.0 False 4.0 180.0 120.0 0.75 3.0 left
21 66.2207753113 279.644195172 -1 90.0 120.0 3.0 6.5 90.0 120.0 False 4.0 180.0 120.0 1.75 3.0 left
22 15.9715048073 155.451520197 1 90.0 120.0 3.0 6.5 90.0 120.0 False 4.0 180.0 120.0 2.5 3.0 right
23 39.5270633417 43.1356002408 -1 90.0 120.0 3.0 6.5 90.0 120.0 True 4.0 180.0 120.0 2.5 3.0 left
24 185.527168364 245.595103971 1 90.0 120.0 3.0 6.5 90.0 120.0 False 4.0 180.0 120.0 1.5 3.0 left
25 122.226491014 182.105020056 -1 90.0 120.0 3.0 6.5 90.0 120.0 True 4.0 180.0 120.0 1.25 3.0 right
26 156.917514258 253.678836604 1 90.0 120.0 3.0 6.5 90.0 120.0 False 4.0 180.0 120.0 1.75 3.0 left
27 217.37600233 16.1006574192 1 90.0 120.0 3.0 6.5 90.0 120.0 True 4.0 180.0 120.0 2.75 3.0 right
28 30.6740601308 211.731184402 1 90.0 120.0 3.0 6.5 90.0 120.0 True 4.0 180.0 120.0 1.75 3.0 right
29 266.663388111 168.39466973 1 90.0 120.0 3.0 6.5 90.0 120.0 False 4.0 180.0 120.0 2.75 3.0 left
30 312.267205669 156.485903554 1 90.0 120.0 3.0 6.5 90.0 120.0 True 4.0 180.0 120.0 1.0 3.0 right
31 134.980978816 302.889845453 1 90.0 120.0 3.0 6.5 90.0 120.0 True 4.0 180.0 120.0 2.0 3.0 right
32 219.027957103 0.113256491147 -1 90.0 120.0 3.0 6.5 90.0 120.0 False 4.0 180.0 120.0 0.75 3.0 left
33 144.128829948 40.2215733173 1 90.0 120.0 3.0 6.5 90.0 120.0 False 4.0 180.0 120.0 2.0 3.0 left
34 119.098958263 288.356369634 -1 90.0 120.0 3.0 6.5 90.0 120.0 False 4.0 180.0 120.0 1.25 3.0 left
35 263.97344902 198.933824505 -1 90.0 120.0 3.0 6.5 90.0 120.0 False 4.0 180.0 120.0 1.0 3.0 left
36 120.079170342 331.560290468 -1 90.0 120.0 3.0 6.5 90.0 120.0 True 4.0 180.0 120.0 2.0 3.0 right
37 20.289426047 218.08046648 1 90.0 120.0 3.0 6.5 90.0 120.0 False 4.0 180.0 120.0 2.0 3.0 left
38 63.0247213707 354.656298137 -1 90.0 120.0 3.0 6.5 90.0 120.0 False 4.0 180.0 120.0 1.25 3.0 left
39 67.530103947 144.153719858 1 90.0 120.0 3.0 6.5 90.0 120.0 False 4.0 180.0 120.0 2.75 3.0 right
40 41.3513945192 102.320421636 1 90.0 120.0 3.0 6.5 90.0 120.0 True 4.0 180.0 120.0 1.75 3.0 right
41 291.328648405 242.435158024 1 90.0 120.0 3.0 6.5 90.0 120.0 False 4.0 180.0 120.0 1.5 3.0 left
42 60.0970866139 286.757312476 -1 90.0 120.0 3.0 6.5 90.0 120.0 True 4.0 180.0 120.0 2.25 3.0 right
43 69.6999547044 300.635732955 -1 90.0 120.0 3.0 6.5 90.0 120.0 False 4.0 180.0 120.0 1.5 3.0 left
44 85.3496654703 196.883770339 1 90.0 120.0 3.0 6.5 90.0 120.0 False 4.0 180.0 120.0 1.0 3.0 left
45 332.956236453 156.032367197 -1 90.0 120.0 3.0 6.5 90.0 120.0 True 4.0 180.0 120.0 1.25 3.0 left
46 40.076973692 283.187231114 -1 90.0 120.0 3.0 6.5 90.0 120.0 True 4.0 180.0 120.0 2.0 3.0 right
47 251.649295509 319.551893406 -1 90.0 120.0 3.0 6.5 90.0 120.0 True 4.0 180.0 120.0 1.5 3.0 right
48 261.598753581 54.2264384347 1 90.0 120.0 3.0 6.5 90.0 120.0 True 4.0 180.0 120.0 2.0 3.0 right
49 293.361143749 313.973031816 1 90.0 120.0 3.0 6.5 90.0 120.0 False 4.0 180.0 120.0 1.25 3.0 right
50 72.47318071 143.741549022 1 90.0 120.0 3.0 6.5 90.0 120.0 False 4.0 180.0 120.0 0.75 3.0 left
51 100.011796586 185.520867079 1 90.0 120.0 3.0 6.5 90.0 120.0 False 4.0 180.0 120.0 1.75 3.0 left
52 212.118357542 39.3912419792 1 90.0 120.0 3.0 6.5 90.0 120.0 True 4.0 180.0 120.0 2.75 3.0 right
53 147.335325728 35.3110905681 -1 90.0 120.0 3.0 6.5 90.0 120.0 False 4.0 180.0 120.0 2.75 3.0 left
54 14.0417106367 31.881860415 1 90.0 120.0 3.0 6.5 90.0 120.0 True 4.0 180.0 120.0 2.25 3.0 right
55 347.110864435 236.395602692 1 90.0 120.0 3.0 6.5 90.0 120.0 True 4.0 180.0 120.0 2.5 3.0 left
56 73.9631913716 27.2234523034 -1 90.0 120.0 3.0 6.5 90.0 120.0 False 4.0 180.0 120.0 2.25 3.0 right
57 67.4502213982 0.566156456901 -1 90.0 120.0 3.0 6.5 90.0 120.0 False 4.0 180.0 120.0 2.0 3.0 left
58 357.015915821 113.673159556 1 90.0 120.0 3.0 6.5 90.0 120.0 False 4.0 180.0 120.0 2.25 3.0 right
59 157.296911641 71.9863667373 1 90.0 120.0 3.0 6.5 90.0 120.0 True 4.0 180.0 120.0 1.25 3.0 right
60 94.8363804243 25.2653159417 1 90.0 120.0 3.0 6.5 90.0 120.0 True 4.0 180.0 120.0 1.5 3.0 right
61 45.3558000137 26.5965951954 -1 90.0 120.0 3.0 6.5 90.0 120.0 True 4.0 180.0 120.0 2.75 3.0 left
62 156.825665215 195.137832461 -1 90.0 120.0 3.0 6.5 90.0 120.0 False 4.0 180.0 120.0 2.5 3.0 right
63 305.281715447 26.7408836855 -1 90.0 120.0 3.0 6.5 90.0 120.0 False 4.0 180.0 120.0 1.0 3.0 left
64 309.409793038 50.9926021091 -1 90.0 120.0 3.0 6.5 90.0 120.0 True 4.0 180.0 120.0 2.5 3.0 right
65 160.658670126 289.503469065 1 90.0 120.0 3.0 6.5 90.0 120.0 False 4.0 180.0 120.0 2.5 3.0 right
66 38.8070108192 331.946188032 -1 90.0 120.0 3.0 6.5 90.0 120.0 True 4.0 180.0 120.0 0.75 3.0 right
67 326.818190967 187.558577736 1 90.0 120.0 3.0 6.5 90.0 120.0 True 4.0 180.0 120.0 1.0 3.0 right
68 215.203047642 47.6139383437 -1 90.0 120.0 3.0 6.5 90.0 120.0 False 4.0 180.0 120.0 0.75 3.0 left
69 284.369030569 13.8738275655 -1 90.0 120.0 3.0 6.5 90.0 120.0 True 4.0 180.0 120.0 1.0 3.0 right
70 95.5475998303 135.008860588 -1 90.0 120.0 3.0 6.5 90.0 120.0 False 4.0 180.0 120.0 1.75 3.0 left
71 61.0814393168 36.4156591544 -1 90.0 120.0 3.0 6.5 90.0 120.0 True 4.0 180.0 120.0 1.75 3.0 right
72 118.021846057 13.97720976 1 90.0 120.0 3.0 6.5 90.0 120.0 True 4.0 180.0 120.0 0.75 3.0 right
73 141.476880475 120.897039312 1 90.0 120.0 3.0 6.5 90.0 120.0 True 4.0 180.0 120.0 1.0 3.0 right
74 91.0689982993 81.9979352115 -1 90.0 120.0 3.0 6.5 90.0 120.0 True 4.0 180.0 120.0 2.75 3.0 right
75 212.692393453 74.582534231 -1 90.0 120.0 3.0 6.5 90.0 120.0 False 4.0 180.0 120.0 2.75 3.0 right
76 334.667453274 335.725304599 -1 90.0 120.0 3.0 6.5 90.0 120.0 False 4.0 180.0 120.0 1.25 3.0 left
77 225.049845756 176.551446995 -1 90.0 120.0 3.0 6.5 90.0 120.0 True 4.0 180.0 120.0 1.0 3.0 right
78 257.70856522 337.80445632 1 90.0 120.0 3.0 6.5 90.0 120.0 True 4.0 180.0 120.0 1.5 3.0 right
79 2.64721860194 324.190979856 -1 90.0 120.0 3.0 6.5 90.0 120.0 False 4.0 180.0 120.0 1.0 3.0 left
80 165.730816979 194.698847699 -1 90.0 120.0 3.0 6.5 90.0 120.0 False 4.0 180.0 120.0 1.75 3.0 left
81 90.4156933206 131.504740647 -1 90.0 120.0 3.0 6.5 90.0 120.0 False 4.0 180.0 120.0 1.5 3.0 left
82 28.4717023397 223.089199942 1 90.0 120.0 3.0 6.5 90.0 120.0 True 4.0 180.0 120.0 2.25 3.0 right
83 81.6589864663 122.665953872 -1 90.0 120.0 3.0 6.5 90.0 120.0 True 4.0 180.0 120.0 2.5 3.0 left
84 258.242095013 207.727396186 1 90.0 120.0 3.0 6.5 90.0 120.0 True 4.0 180.0 120.0 2.0 3.0 right
85 78.9198723746 205.480588775 1 90.0 120.0 3.0 6.5 90.0 120.0 True 4.0 180.0 120.0 1.25 3.0 left
86 232.305692933 88.7186091682 1 90.0 120.0 3.0 6.5 90.0 120.0 True 4.0 180.0 120.0 0.75 3.0 right
87 55.6222585001 124.103697563 -1 90.0 120.0 3.0 6.5 90.0 120.0 False 4.0 180.0 120.0 0.75 3.0 left
88 278.418066701 288.643954364 -1 90.0 120.0 3.0 6.5 90.0 120.0 True 4.0 180.0 120.0 2.0 3.0 right
89 128.055968016 337.364611833 1 90.0 120.0 3.0 6.5 90.0 120.0 True 4.0 180.0 120.0 2.5 3.0 right
90 54.3922790602 59.6822414844 -1 90.0 120.0 3.0 6.5 90.0 120.0 False 4.0 180.0 120.0 2.0 3.0 left
91 323.53255851 28.3017517049 -1 90.0 120.0 3.0 6.5 90.0 120.0 True 4.0 180.0 120.0 1.75 3.0 right
92 193.156587523 330.548231879 -1 90.0 120.0 3.0 6.5 90.0 120.0 True 4.0 180.0 120.0 2.25 3.0 right
93 62.7441953872 195.224823901 -1 90.0 120.0 3.0 6.5 90.0 120.0 False 4.0 180.0 120.0 2.25 3.0 left
94 73.5332409304 99.7800060947 1 90.0 120.0 3.0 6.5 90.0 120.0 False 4.0 180.0 120.0 1.25 3.0 left
95 254.91263806 201.054289857 1 90.0 120.0 3.0 6.5 90.0 120.0 False 4.0 180.0 120.0 2.75 3.0 right
96 51.1523186452 15.163017115 1 90.0 120.0 3.0 6.5 90.0 120.0 False 4.0 180.0 120.0 1.75 3.0 left
97 19.2189716592 146.479656849 1 90.0 120.0 3.0 6.5 90.0 120.0 False 4.0 180.0 120.0 1.0 3.0 left
98 32.2770795499 251.83081923 1 90.0 120.0 3.0 6.5 90.0 120.0 False 4.0 180.0 120.0 1.5 3.0 left
99 145.215637121 314.95027041 -1 90.0 120.0 3.0 6.5 90.0 120.0 False 4.0 180.0 120.0 2.5 3.0 right
100 153.587965349 231.071764969 1 90.0 120.0 3.0 6.5 90.0 120.0 False 4.0 180.0 120.0 2.5 3.0 left
101 73.4665154639 98.6100035677 1 90.0 120.0 3.0 6.5 90.0 120.0 True 4.0 180.0 120.0 2.75 3.0 right
102 144.479540554 45.6304692156 -1 90.0 120.0 3.0 6.5 90.0 120.0 True 4.0 180.0 120.0 1.25 3.0 right
103 211.881135517 299.679509873 1 90.0 120.0 3.0 6.5 90.0 120.0 False 4.0 180.0 120.0 2.0 3.0 left
104 5.21993252426 172.269150645 1 90.0 120.0 3.0 6.5 90.0 120.0 False 4.0 180.0 120.0 0.75 3.0 right
105 91.8693882438 115.232802143 -1 90.0 120.0 3.0 6.5 90.0 120.0 True 4.0 180.0 120.0 0.75 3.0 right
106 268.443999825 160.868226709 1 90.0 120.0 3.0 6.5 90.0 120.0 True 4.0 180.0 120.0 1.75 3.0 left
107 188.798902629 60.5227983494 -1 90.0 120.0 3.0 6.5 90.0 120.0 True 4.0 180.0 120.0 1.5 3.0 right
108 76.5680819056 102.313128603 1 90.0 120.0 3.0 6.5 90.0 120.0 False 4.0 180.0 120.0 2.25 3.0 right
