trial angleIni angleLandmark direction durationRampingIni durationFinal sizeLandmark radiusLandmark durationRampingFinal durationIni same radius duration durationRampingLand freq size response
1 311.842291128 115.0699507 1 90.0 0.0 3.0 6.5 90.0 120.0 False 4.0 180.0 120.0 2.0 3.0 left
2 210.081475374 269.423143394 1 90.0 0.0 3.0 6.5 90.0 120.0 False 4.0 180.0 120.0 2.25 3.0 left
3 163.470915887 71.3512932502 -1 90.0 0.0 3.0 6.5 90.0 120.0 True 4.0 180.0 120.0 3.5 3.0 right
4 214.138923184 183.703497285 1 90.0 0.0 3.0 6.5 90.0 120.0 True 4.0 180.0 120.0 2.25 3.0 right
5 19.2352553247 87.8535522228 1 90.0 0.0 3.0 6.5 90.0 120.0 True 4.0 180.0 120.0 3.25 3.0 right
6 155.967815552 148.077383606 1 90.0 0.0 3.0 6.5 90.0 120.0 True 4.0 180.0 120.0 2.75 3.0 right
7 248.242515298 357.48244763 -1 90.0 0.0 3.0 6.5 90.0 120.0 True 4.0 180.0 120.0 3.0 3.0 right
8 228.114849068 340.705191672 -1 90.0 0.0 3.0 6.5 90.0 120.0 True 4.0 180.0 120.0 3.25 3.0 right
9 72.012842715 67.3338895953 1 90.0 0.0 3.0 6.5 90.0 120.0 False 4.0 180.0 120.0 3.25 3.0 left
10 235.583404904 119.441863661 1 90.0 0.0 3.0 6.5 90.0 120.0 True 4.0 180.0 120.0 2.5 3.0 right
11 208.579027113 170.284295995 -1 90.0 0.0 3.0 6.5 90.0 120.0 False 4.0 180.0 120.0 3.25 3.0 left
12 51.7894417092 348.48135457 1 90.0 0.0 3.0 6.5 90.0 120.0 True 4.0 180.0 120.0 3.5 3.0 right
13 247.650581339 244.231188259 1 90.0 0.0 3.0 6.5 90.0 120.0 False 4.0 180.0 120.0 2.5 3.0 left
14 328.74286104 259.352403014 -1 90.0 0.0 3.0 6.5 90.0 120.0 True 4.0 180.0 120.0 2.25 3.0 right
15 105.850098969 25.1868138013 1 90.0 0.0 3.0 6.5 90.0 120.0 False 4.0 180.0 120.0 2.75 3.0 left
16 64.4361126649 291.958289424 -1 90.0 0.0 3.0 6.5 90.0 120.0 False 4.0 180.0 120.0 3.5 3.0 left
17 275.155176049 149.472989443 1 90.0 0.0 3.0 6.5 90.0 120.0 True 4.0 180.0 120.0 2.0 3.0 right
18 110.380829133 320.423478828 -1 90.0 0.0 3.0 6.5 90.0 120.0 False 4.0 180.0 120.0 2.5 3.0 left
19 257.593489904 313.407461936 1 90.0 0.0 3.0 6.5 90.0 120.0 False 4.0 180.0 120.0 3.5 3.0 left
20 178.188310282 333.240469042 -1 90.0 0.0 3.0 6.5 90.0 120.0 False 4.0 180.0 120.0 3.0 3.0 left
21 126.750532717 78.3381269998 1 90.0 0.0 3.0 6.5 90.0 120.0 False 4.0 180.0 120.0 3.0 3.0 left
22 27.2707490392 320.631530448 -1 90.0 0.0 3.0 6.5 90.0 120.0 False 4.0 180.0 120.0 2.75 3.0 left
23 217.033001488 109.392952163 -1 90.0 0.0 3.0 6.5 90.0 120.0 True 4.0 180.0 120.0 2.75 3.0 right
24 77.2183846343 69.5579988986 -1 90.0 0.0 3.0 6.5 90.0 120.0 True 4.0 180.0 120.0 2.5 3.0 right
25 237.775552948 217.286790043 -1 90.0 0.0 3.0 6.5 90.0 120.0 False 4.0 180.0 120.0 2.0 3.0 left
26 169.247815288 214.271366028 -1 90.0 0.0 3.0 6.5 90.0 120.0 True 4.0 180.0 120.0 2.0 3.0 right
27 14.3001283715 37.231574786 -1 90.0 0.0 3.0 6.5 90.0 120.0 False 4.0 180.0 120.0 2.25 3.0 left
28 207.355940838 213.300561343 1 90.0 0.0 3.0 6.5 90.0 120.0 True 4.0 180.0 120.0 3.0 3.0 right
29 134.370579608 322.368044476 1 90.0 0.0 3.0 6.5 90.0 120.0 True 4.0 180.0 120.0 3.0 3.0 right
30 147.500681832 238.439663794 -1 90.0 0.0 3.0 6.5 90.0 120.0 False 4.0 180.0 120.0 2.25 3.0 left
31 258.418156539 79.1984010156 1 90.0 0.0 3.0 6.5 90.0 120.0 False 4.0 180.0 120.0 2.25 3.0 left
32 352.382063079 264.8963093 1 90.0 0.0 3.0 6.5 90.0 120.0 True 4.0 180.0 120.0 2.0 3.0 right
33 215.252587111 266.062789007 -1 90.0 0.0 3.0 6.5 90.0 120.0 False 4.0 180.0 120.0 2.5 3.0 left
34 275.511790681 147.232052723 -1 90.0 0.0 3.0 6.5 90.0 120.0 False 4.0 180.0 120.0 2.0 3.0 left
35 27.1629377696 197.664239032 -1 90.0 0.0 3.0 6.5 90.0 120.0 False 4.0 180.0 120.0 3.0 3.0 left
36 119.779459587 250.783092486 -1 90.0 0.0 3.0 6.5 90.0 120.0 True 4.0 180.0 120.0 2.5 3.0 right
37 8.24538883695 304.601794051 -1 90.0 0.0 3.0 6.5 90.0 120.0 True 4.0 180.0 120.0 2.25 3.0 right
38 50.4484477992 104.220042385 1 90.0 0.0 3.0 6.5 90.0 120.0 True 4.0 180.0 120.0 3.5 3.0 right
39 298.009628039 75.360579087 1 90.0 0.0 3.0 6.5 90.0 120.0 False 4.0 180.0 120.0 3.25 3.0 left
40 0.990030227879 84.4410893719 -1 90.0 0.0 3.0 6.5 90.0 120.0 True 4.0 180.0 120.0 3.25 3.0 left
41 358.665958131 175.870209554 1 90.0 0.0 3.0 6.5 90.0 120.0 False 4.0 180.0 120.0 3.5 3.0 left
42 239.782149164 221.835106801 -1 90.0 0.0 3.0 6.5 90.0 120.0 True 4.0 180.0 120.0 2.75 3.0 right
43 185.468444187 218.597100083 -1 90.0 0.0 3.0 6.5 90.0 120.0 True 4.0 180.0 120.0 2.0 3.0 right
44 329.777289869 290.962240934 1 90.0 0.0 3.0 6.5 90.0 120.0 False 4.0 180.0 120.0 2.0 3.0 left
45 316.640946457 341.252486531 -1 90.0 0.0 3.0 6.5 90.0 120.0 False 4.0 180.0 120.0 3.25 3.0 left
46 314.79991722 217.535873188 1 90.0 0.0 3.0 6.5 90.0 120.0 True 4.0 180.0 120.0 2.25 3.0 right
47 73.1232854245 276.93701055 1 90.0 0.0 3.0 6.5 90.0 120.0 True 4.0 180.0 120.0 3.25 3.0 right
48 246.987428625 141.289256108 1 90.0 0.0 3.0 6.5 90.0 120.0 False 4.0 180.0 120.0 2.75 3.0 left
49 359.931091582 351.842218878 1 90.0 0.0 3.0 6.5 90.0 120.0 False 4.0 180.0 120.0 2.5 3.0 left
50 123.061103628 75.9888669592 1 90.0 0.0 3.0 6.5 90.0 120.0 False 4.0 180.0 120.0 3.0 3.0 left
51 359.920372617 273.018755001 -1 90.0 0.0 3.0 6.5 90.0 120.0 False 4.0 180.0 120.0 2.75 3.0 left
52 11.9531759011 296.181855215 -1 90.0 0.0 3.0 6.5 90.0 120.0 False 4.0 180.0 120.0 3.5 3.0 left
53 270.674732169 267.963313936 1 90.0 0.0 3.0 6.5 90.0 120.0 True 4.0 180.0 120.0 2.75 3.0 right
54 307.81480803 131.209729891 -1 90.0 0.0 3.0 6.5 90.0 120.0 True 4.0 180.0 120.0 3.0 3.0 right
55 165.184408426 95.7524333286 1 90.0 0.0 3.0 6.5 90.0 120.0 True 4.0 180.0 120.0 2.5 3.0 right
56 136.581087299 324.076189199 -1 90.0 0.0 3.0 6.5 90.0 120.0 True 4.0 180.0 120.0 3.5 3.0 right
57 90.5310982577 39.7799603938 -1 90.0 0.0 3.0 6.5 90.0 120.0 True 4.0 180.0 120.0 2.25 3.0 right
58 13.2904260792 261.522731529 1 90.0 0.0 3.0 6.5 90.0 120.0 True 4.0 180.0 120.0 2.75 3.0 right
59 322.221103997 19.9433075485 1 90.0 0.0 3.0 6.5 90.0 120.0 False 4.0 180.0 120.0 2.25 3.0 left
60 87.9551561617 13.3964893117 -1 90.0 0.0 3.0 6.5 90.0 120.0 False 4.0 180.0 120.0 3.5 3.0 left
61 270.800450863 225.167285013 -1 90.0 0.0 3.0 6.5 90.0 120.0 False 4.0 180.0 120.0 2.75 3.0 left
62 220.645505639 50.144280764 -1 90.0 0.0 3.0 6.5 90.0 120.0 False 4.0 180.0 120.0 3.25 3.0 left
63 119.687671984 330.542449791 1 90.0 0.0 3.0 6.5 90.0 120.0 False 4.0 180.0 120.0 2.75 3.0 left
64 118.133969621 165.969276727 -1 90.0 0.0 3.0 6.5 90.0 120.0 True 4.0 180.0 120.0 3.25 3.0 right
65 70.147877547 98.8408281649 1 90.0 0.0 3.0 6.5 90.0 120.0 True 4.0 180.0 120.0 3.0 3.0 right
66 119.998243247 66.3364992603 -1 90.0 0.0 3.0 6.5 90.0 120.0 True 4.0 180.0 120.0 3.0 3.0 right
67 347.21429027 241.576593087 -1 90.0 0.0 3.0 6.5 90.0 120.0 False 4.0 180.0 120.0 3.0 3.0 left
68 342.571978541 117.590198597 1 90.0 0.0 3.0 6.5 90.0 120.0 False 4.0 180.0 120.0 2.5 3.0 left
69 340.453671586 266.302821285 -1 90.0 0.0 3.0 6.5 90.0 120.0 True 4.0 180.0 120.0 2.75 3.0 right
70 3.7407523868 36.8868546369 1 90.0 0.0 3.0 6.5 90.0 120.0 False 4.0 180.0 120.0 3.5 3.0 left
71 236.403550574 114.517314782 1 90.0 0.0 3.0 6.5 90.0 120.0 True 4.0 180.0 120.0 3.25 3.0 right
72 235.075806154 267.781098207 1 90.0 0.0 3.0 6.5 90.0 120.0 True 4.0 180.0 120.0 3.5 3.0 right
73 214.287040344 257.230023413 -1 90.0 0.0 3.0 6.5 90.0 120.0 False 4.0 180.0 120.0 2.5 3.0 left
74 150.154200753 97.0598688614 1 90.0 0.0 3.0 6.5 90.0 120.0 True 4.0 180.0 120.0 2.5 3.0 right
75 25.6444681509 316.842305509 -1 90.0 0.0 3.0 6.5 90.0 120.0 False 4.0 180.0 120.0 2.0 3.0 left
76 311.859879169 343.15099244 1 90.0 0.0 3.0 6.5 90.0 120.0 False 4.0 180.0 120.0 2.0 3.0 left
77 12.8279250324 5.49227883212 -1 90.0 0.0 3.0 6.5 90.0 120.0 False 4.0 180.0 120.0 2.25 3.0 left
78 217.874264609 347.243176769 1 90.0 0.0 3.0 6.5 90.0 120.0 False 4.0 180.0 120.0 3.0 3.0 left
79 208.10727059 282.610598696 -1 90.0 0.0 3.0 6.5 90.0 120.0 True 4.0 180.0 120.0 3.5 3.0 right
80 91.4101598327 115.080899391 -1 90.0 0.0 3.0 6.5 90.0 120.0 True 4.0 180.0 120.0 2.0 3.0 right
81 101.52762665 150.800836767 1 90.0 0.0 3.0 6.5 90.0 120.0 True 4.0 180.0 120.0 2.25 3.0 right
82 10.2742240368 355.752266132 1 90.0 0.0 3.0 6.5 90.0 120.0 False 4.0 180.0 120.0 3.25 3.0 left
83 177.802744007 303.102100263 1 90.0 0.0 3.0 6.5 90.0 120.0 True 4.0 180.0 120.0 2.0 3.0 right
84 276.46431587 270.234652931 -1 90.0 0.0 3.0 6.5 90.0 120.0 True 4.0 180.0 120.0 2.5 3.0 right
