trial angleIni angleLandmark direction durationRampingIni durationFinal sizeLandmark radiusLandmark durationRampingFinal durationIni same radius duration durationRampingLand freq size response
1 292.302888118 338.740330655 -1 90.0 120.0 3.0 6.5 90.0 120.0 True 4.0 180.0 120.0 1.5 3.0 right
2 15.6695358635 300.247172378 1 90.0 120.0 3.0 6.5 90.0 120.0 False 4.0 180.0 120.0 3.25 3.0 left
3 290.557253814 21.8165294405 -1 90.0 120.0 3.0 6.5 90.0 120.0 True 4.0 180.0 120.0 2.5 3.0 right
4 221.087959715 62.3213433129 1 90.0 120.0 3.0 6.5 90.0 120.0 False 4.0 180.0 120.0 1.5 3.0 left
5 218.740582339 273.886560312 -1 90.0 120.0 3.0 6.5 90.0 120.0 False 4.0 180.0 120.0 2.5 3.0 right
6 270.185522735 285.993475486 -1 90.0 120.0 3.0 6.5 90.0 120.0 True 4.0 180.0 120.0 3.0 3.0 right
7 272.396306187 78.4801505069 1 90.0 120.0 3.0 6.5 90.0 120.0 True 4.0 180.0 120.0 1.75 3.0 right
8 226.411503968 124.789852259 1 90.0 120.0 3.0 6.5 90.0 120.0 True 4.0 180.0 120.0 2.5 3.0 right
9 106.394513256 35.2922993095 1 90.0 120.0 3.0 6.5 90.0 120.0 True 4.0 180.0 120.0 2.75 3.0 left
10 76.7566639139 84.5937458458 -1 90.0 120.0 3.0 6.5 90.0 120.0 True 4.0 180.0 120.0 2.0 3.0 right
11 216.666135185 318.895542262 1 90.0 120.0 3.0 6.5 90.0 120.0 False 4.0 180.0 120.0 2.5 3.0 right
12 296.896277419 239.000813929 -1 90.0 120.0 3.0 6.5 90.0 120.0 False 4.0 180.0 120.0 3.25 3.0 left
13 323.943765222 260.506246869 1 90.0 120.0 3.0 6.5 90.0 120.0 False 4.0 180.0 120.0 1.0 3.0 left
14 89.5127049984 332.707964921 -1 90.0 120.0 3.0 6.5 90.0 120.0 False 4.0 180.0 120.0 2.75 3.0 right
15 248.831291513 102.897840648 1 90.0 120.0 3.0 6.5 90.0 120.0 False 4.0 180.0 120.0 2.75 3.0 left
16 164.394721563 219.24297212 1 90.0 120.0 3.0 6.5 90.0 120.0 True 4.0 180.0 120.0 2.0 3.0 right
17 4.53156266266 346.274436314 1 90.0 120.0 3.0 6.5 90.0 120.0 True 4.0 180.0 120.0 1.0 3.0 right
18 222.539820517 336.790692082 -1 90.0 120.0 3.0 6.5 90.0 120.0 False 4.0 180.0 120.0 2.25 3.0 right
19 327.149796558 242.258857264 -1 90.0 120.0 3.0 6.5 90.0 120.0 True 4.0 180.0 120.0 3.5 3.0 right
20 313.271061483 132.518497325 1 90.0 120.0 3.0 6.5 90.0 120.0 True 4.0 180.0 120.0 3.5 3.0 left
21 270.723413114 194.382069845 -1 90.0 120.0 3.0 6.5 90.0 120.0 False 4.0 180.0 120.0 3.0 3.0 right
22 52.7808874758 238.716207857 -1 90.0 120.0 3.0 6.5 90.0 120.0 False 4.0 180.0 120.0 1.5 3.0 left
23 236.779572949 248.803149243 1 90.0 120.0 3.0 6.5 90.0 120.0 True 4.0 180.0 120.0 1.25 3.0 right
24 206.320981277 10.7234290808 -1 90.0 120.0 3.0 6.5 90.0 120.0 False 4.0 180.0 120.0 3.5 3.0 right
25 274.295475762 92.1120008163 -1 90.0 120.0 3.0 6.5 90.0 120.0 False 4.0 180.0 120.0 0.75 3.0 left
26 26.5230397274 329.971005737 1 90.0 120.0 3.0 6.5 90.0 120.0 False 4.0 180.0 120.0 2.25 3.0 left
27 282.178139641 199.209307436 1 90.0 120.0 3.0 6.5 90.0 120.0 False 4.0 180.0 120.0 3.5 3.0 right
28 70.7801089097 156.11502933 -1 90.0 120.0 3.0 6.5 90.0 120.0 False 4.0 180.0 120.0 2.0 3.0 left
29 359.705828618 52.9548576898 1 90.0 120.0 3.0 6.5 90.0 120.0 False 4.0 180.0 120.0 3.0 3.0 right
30 90.0743120833 323.882775062 -1 90.0 120.0 3.0 6.5 90.0 120.0 False 4.0 180.0 120.0 1.75 3.0 left
31 245.586946761 332.12527751 -1 90.0 120.0 3.0 6.5 90.0 120.0 True 4.0 180.0 120.0 0.75 3.0 right
32 317.564773227 29.6504611546 -1 90.0 120.0 3.0 6.5 90.0 120.0 True 4.0 180.0 120.0 1.75 3.0 right
33 11.900613573 169.18458013 -1 90.0 120.0 3.0 6.5 90.0 120.0 False 4.0 180.0 120.0 1.25 3.0 left
34 40.6148889273 282.465231858 1 90.0 120.0 3.0 6.5 90.0 120.0 True 4.0 180.0 120.0 0.75 3.0 right
35 349.265338275 172.000653207 -1 90.0 120.0 3.0 6.5 90.0 120.0 True 4.0 180.0 120.0 2.75 3.0 right
36 159.894451914 221.734138422 1 90.0 120.0 3.0 6.5 90.0 120.0 False 4.0 180.0 120.0 0.75 3.0 left
37 115.349693276 30.3663266896 -1 90.0 120.0 3.0 6.5 90.0 120.0 True 4.0 180.0 120.0 2.25 3.0 right
38 278.68207713 315.566153606 1 90.0 120.0 3.0 6.5 90.0 120.0 True 4.0 180.0 120.0 1.5 3.0 right
39 342.815289576 323.266252465 -1 90.0 120.0 3.0 6.5 90.0 120.0 True 4.0 180.0 120.0 3.25 3.0 left
40 86.2029908999 322.626607007 1 90.0 120.0 3.0 6.5 90.0 120.0 False 4.0 180.0 120.0 1.25 3.0 left
41 274.628806542 325.804364805 1 90.0 120.0 3.0 6.5 90.0 120.0 True 4.0 180.0 120.0 3.0 3.0 right
42 338.494342834 306.497869022 1 90.0 120.0 3.0 6.5 90.0 120.0 True 4.0 180.0 120.0 2.25 3.0 left
43 294.978115023 192.957279873 1 90.0 120.0 3.0 6.5 90.0 120.0 False 4.0 180.0 120.0 2.0 3.0 left
44 154.987374411 284.600375287 -1 90.0 120.0 3.0 6.5 90.0 120.0 False 4.0 180.0 120.0 1.0 3.0 left
45 254.01416362 267.595414532 1 90.0 120.0 3.0 6.5 90.0 120.0 False 4.0 180.0 120.0 1.75 3.0 left
46 113.256131588 339.179912646 -1 90.0 120.0 3.0 6.5 90.0 120.0 True 4.0 180.0 120.0 1.0 3.0 right
47 312.99201951 1.42253937251 -1 90.0 120.0 3.0 6.5 90.0 120.0 True 4.0 180.0 120.0 1.25 3.0 right
48 39.1262044706 57.1719606177 1 90.0 120.0 3.0 6.5 90.0 120.0 True 4.0 180.0 120.0 3.25 3.0 left
49 307.354765017 174.498989939 1 90.0 120.0 3.0 6.5 90.0 120.0 True 4.0 180.0 120.0 3.25 3.0 right
50 176.647253617 165.448693024 1 90.0 120.0 3.0 6.5 90.0 120.0 True 4.0 180.0 120.0 2.75 3.0 right
51 159.693598289 88.0994762805 -1 90.0 120.0 3.0 6.5 90.0 120.0 True 4.0 180.0 120.0 3.0 3.0 left
52 20.7171514041 50.0017983927 1 90.0 120.0 3.0 6.5 90.0 120.0 False 4.0 180.0 120.0 3.0 3.0 right
53 45.8263606658 3.12313086821 -1 90.0 120.0 3.0 6.5 90.0 120.0 True 4.0 180.0 120.0 1.0 3.0 right
54 172.972282987 300.766437827 -1 90.0 120.0 3.0 6.5 90.0 120.0 False 4.0 180.0 120.0 2.75 3.0 left
55 205.863208794 359.362929909 -1 90.0 120.0 3.0 6.5 90.0 120.0 True 4.0 180.0 120.0 3.25 3.0 right
56 202.466217135 201.321943142 1 90.0 120.0 3.0 6.5 90.0 120.0 False 4.0 180.0 120.0 2.5 3.0 left
57 255.023259667 123.371503397 1 90.0 120.0 3.0 6.5 90.0 120.0 False 4.0 180.0 120.0 0.75 3.0 left
58 292.617664098 131.476470934 1 90.0 120.0 3.0 6.5 90.0 120.0 False 4.0 180.0 120.0 2.25 3.0 left
59 199.009415872 292.581793077 1 90.0 120.0 3.0 6.5 90.0 120.0 True 4.0 180.0 120.0 1.5 3.0 right
60 340.517209287 330.145867363 -1 90.0 120.0 3.0 6.5 90.0 120.0 True 4.0 180.0 120.0 3.5 3.0 left
61 178.709692416 60.7997277164 -1 90.0 120.0 3.0 6.5 90.0 120.0 False 4.0 180.0 120.0 2.25 3.0 left
62 135.847930392 217.780999789 -1 90.0 120.0 3.0 6.5 90.0 120.0 True 4.0 180.0 120.0 0.75 3.0 right
63 160.037522496 286.842493246 1 90.0 120.0 3.0 6.5 90.0 120.0 True 4.0 180.0 120.0 3.5 3.0 right
64 213.250936839 192.424486992 -1 90.0 120.0 3.0 6.5 90.0 120.0 False 4.0 180.0 120.0 0.75 3.0 left
65 12.9649210684 166.441165375 -1 90.0 120.0 3.0 6.5 90.0 120.0 True 4.0 180.0 120.0 1.5 3.0 right
66 348.864803318 188.346814834 -1 90.0 120.0 3.0 6.5 90.0 120.0 False 4.0 180.0 120.0 1.25 3.0 left
67 25.5478473084 11.2306408451 -1 90.0 120.0 3.0 6.5 90.0 120.0 True 4.0 180.0 120.0 1.75 3.0 right
68 202.742351324 136.252345671 -1 90.0 120.0 3.0 6.5 90.0 120.0 True 4.0 180.0 120.0 2.75 3.0 right
69 63.1738176661 50.1427249845 1 90.0 120.0 3.0 6.5 90.0 120.0 True 4.0 180.0 120.0 1.25 3.0 right
70 147.381153447 276.014751075 1 90.0 120.0 3.0 6.5 90.0 120.0 True 4.0 180.0 120.0 2.25 3.0 right
71 211.141091776 50.4668117836 -1 90.0 120.0 3.0 6.5 90.0 120.0 False 4.0 180.0 120.0 3.0 3.0 left
72 33.6479532283 308.625690988 1 90.0 120.0 3.0 6.5 90.0 120.0 False 4.0 180.0 120.0 1.5 3.0 left
73 5.75063794732 42.8846894787 -1 90.0 120.0 3.0 6.5 90.0 120.0 False 4.0 180.0 120.0 2.0 3.0 left
74 88.1743344668 259.074998534 1 90.0 120.0 3.0 6.5 90.0 120.0 False 4.0 180.0 120.0 1.25 3.0 left
75 284.061522821 149.361643547 1 90.0 120.0 3.0 6.5 90.0 120.0 True 4.0 180.0 120.0 0.75 3.0 right
76 268.163499315 186.603195948 1 90.0 120.0 3.0 6.5 90.0 120.0 True 4.0 180.0 120.0 2.5 3.0 right
77 286.143935168 289.346608996 -1 90.0 120.0 3.0 6.5 90.0 120.0 True 4.0 180.0 120.0 2.5 3.0 right
78 184.130183019 292.925208343 1 90.0 120.0 3.0 6.5 90.0 120.0 True 4.0 180.0 120.0 1.0 3.0 right
79 329.290595326 161.191427833 1 90.0 120.0 3.0 6.5 90.0 120.0 True 4.0 180.0 120.0 3.0 3.0 left
80 137.469795513 125.496988582 -1 90.0 120.0 3.0 6.5 90.0 120.0 True 4.0 180.0 120.0 2.0 3.0 right
81 190.769971257 203.713496433 1 90.0 120.0 3.0 6.5 90.0 120.0 True 4.0 180.0 120.0 1.75 3.0 right
82 202.416381003 127.47405822 -1 90.0 120.0 3.0 6.5 90.0 120.0 False 4.0 180.0 120.0 1.75 3.0 left
83 83.8712293084 338.210182835 -1 90.0 120.0 3.0 6.5 90.0 120.0 False 4.0 180.0 120.0 2.5 3.0 right
84 239.617703577 196.607094048 1 90.0 120.0 3.0 6.5 90.0 120.0 False 4.0 180.0 120.0 2.75 3.0 left
85 310.067837515 146.568317739 -1 90.0 120.0 3.0 6.5 90.0 120.0 False 4.0 180.0 120.0 3.5 3.0 right
86 47.8813265049 179.146843975 -1 90.0 120.0 3.0 6.5 90.0 120.0 False 4.0 180.0 120.0 1.0 3.0 left
87 63.1726055935 155.552391982 1 90.0 120.0 3.0 6.5 90.0 120.0 False 4.0 180.0 120.0 2.0 3.0 left
88 267.872634383 252.421944201 -1 90.0 120.0 3.0 6.5 90.0 120.0 False 4.0 180.0 120.0 3.25 3.0 right
89 179.589736833 182.439558261 1 90.0 120.0 3.0 6.5 90.0 120.0 False 4.0 180.0 120.0 1.75 3.0 left
90 123.886440261 201.532349563 1 90.0 120.0 3.0 6.5 90.0 120.0 False 4.0 180.0 120.0 3.5 3.0 left
91 282.756238175 154.23202937 -1 90.0 120.0 3.0 6.5 90.0 120.0 False 4.0 180.0 120.0 1.5 3.0 left
92 196.794140742 347.715720366 -1 90.0 120.0 3.0 6.5 90.0 120.0 True 4.0 180.0 120.0 2.25 3.0 right
93 69.9868614222 10.7927883477 -1 90.0 120.0 3.0 6.5 90.0 120.0 True 4.0 180.0 120.0 1.25 3.0 right
94 124.489087397 218.376185417 1 90.0 120.0 3.0 6.5 90.0 120.0 True 4.0 180.0 120.0 2.0 3.0 left
95 231.160890255 329.981666216 1 90.0 120.0 3.0 6.5 90.0 120.0 False 4.0 180.0 120.0 3.25 3.0 right
96 58.3219211137 127.426596328 1 90.0 120.0 3.0 6.5 90.0 120.0 False 4.0 180.0 120.0 1.0 3.0 left
97 103.890130116 67.8678178423 -1 90.0 120.0 3.0 6.5 90.0 120.0 False 4.0 180.0 120.0 1.5 3.0 left
98 14.4702231196 168.307780691 -1 90.0 120.0 3.0 6.5 90.0 120.0 True 4.0 180.0 120.0 3.0 3.0 right
99 305.354121585 240.266259206 1 90.0 120.0 3.0 6.5 90.0 120.0 False 4.0 180.0 120.0 0.75 3.0 right
100 212.089029107 244.303918274 1 90.0 120.0 3.0 6.5 90.0 120.0 True 4.0 180.0 120.0 2.25 3.0 right
101 226.586180472 302.448077739 -1 90.0 120.0 3.0 6.5 90.0 120.0 True 4.0 180.0 120.0 1.75 3.0 right
102 297.206106391 8.20921781981 1 90.0 120.0 3.0 6.5 90.0 120.0 True 4.0 180.0 120.0 1.25 3.0 right
103 189.837785371 76.9663675986 -1 90.0 120.0 3.0 6.5 90.0 120.0 True 4.0 180.0 120.0 1.5 3.0 right
104 330.976381561 171.182660806 1 90.0 120.0 3.0 6.5 90.0 120.0 True 4.0 180.0 120.0 3.0 3.0 right
105 115.815294064 83.0152060673 -1 90.0 120.0 3.0 6.5 90.0 120.0 False 4.0 180.0 120.0 2.5 3.0 right
106 261.173888641 90.7385896848 1 90.0 120.0 3.0 6.5 90.0 120.0 False 4.0 180.0 120.0 3.0 3.0 left
107 73.6456707586 177.811523471 -1 90.0 120.0 3.0 6.5 90.0 120.0 True 4.0 180.0 120.0 2.75 3.0 left
108 13.5564529596 149.833186066 1 90.0 120.0 3.0 6.5 90.0 120.0 True 4.0 180.0 120.0 2.0 3.0 right
109 120.162407521 144.435928133 -1 90.0 120.0 3.0 6.5 90.0 120.0 True 4.0 180.0 120.0 3.5 3.0 right
110 218.266243853 117.680580557 1 90.0 120.0 3.0 6.5 90.0 120.0 True 4.0 180.0 120.0 3.25 3.0 right
111 68.6734970914 95.3077073102 1 90.0 120.0 3.0 6.5 90.0 120.0 False 4.0 180.0 120.0 2.0 3.0 left
112 227.101762778 55.8570700472 1 90.0 120.0 3.0 6.5 90.0 120.0 False 4.0 180.0 120.0 2.25 3.0 left
113 160.658064085 308.685057295 -1 90.0 120.0 3.0 6.5 90.0 120.0 True 4.0 180.0 120.0 3.25 3.0 right
114 320.209206235 161.875766122 -1 90.0 120.0 3.0 6.5 90.0 120.0 False 4.0 180.0 120.0 3.5 3.0 right
115 44.518221789 207.692951937 1 90.0 120.0 3.0 6.5 90.0 120.0 False 4.0 180.0 120.0 3.25 3.0 right
116 282.344107098 180.910597581 1 90.0 120.0 3.0 6.5 90.0 120.0 False 4.0 180.0 120.0 1.25 3.0 left
117 263.843142789 62.0618011819 -1 90.0 120.0 3.0 6.5 90.0 120.0 False 4.0 180.0 120.0 3.25 3.0 right
118 151.457413275 120.420413575 1 90.0 120.0 3.0 6.5 90.0 120.0 True 4.0 180.0 120.0 2.5 3.0 right
119 201.971702292 8.39226160538 -1 90.0 120.0 3.0 6.5 90.0 120.0 False 4.0 180.0 120.0 1.75 3.0 left
120 234.331976502 177.496120201 1 90.0 120.0 3.0 6.5 90.0 120.0 True 4.0 180.0 120.0 0.75 3.0 left
121 325.623985925 135.789827585 -1 90.0 120.0 3.0 6.5 90.0 120.0 True 4.0 180.0 120.0 0.75 3.0 right
122 99.9932962396 174.806602023 -1 90.0 120.0 3.0 6.5 90.0 120.0 False 4.0 180.0 120.0 1.25 3.0 left
123 166.885025519 9.41941994046 -1 90.0 120.0 3.0 6.5 90.0 120.0 True 4.0 180.0 120.0 1.0 3.0 right
124 96.2111548293 275.442641607 1 90.0 120.0 3.0 6.5 90.0 120.0 False 4.0 180.0 120.0 1.0 3.0 left
125 274.01055819 10.505750107 1 90.0 120.0 3.0 6.5 90.0 120.0 True 4.0 180.0 120.0 1.5 3.0 right
126 117.849255168 325.30533713 -1 90.0 120.0 3.0 6.5 90.0 120.0 False 4.0 180.0 120.0 1.0 3.0 left
127 225.611435245 29.3832939623 1 90.0 120.0 3.0 6.5 90.0 120.0 False 4.0 180.0 120.0 2.75 3.0 left
128 339.985393464 186.136185902 -1 90.0 120.0 3.0 6.5 90.0 120.0 True 4.0 180.0 120.0 1.25 3.0 right
129 131.259483428 129.496953603 1 90.0 120.0 3.0 6.5 90.0 120.0 True 4.0 180.0 120.0 1.75 3.0 right
130 117.009556877 169.170993688 -1 90.0 120.0 3.0 6.5 90.0 120.0 False 4.0 180.0 120.0 0.75 3.0 left
131 105.715052469 33.7073687599 -1 90.0 120.0 3.0 6.5 90.0 120.0 True 4.0 180.0 120.0 2.5 3.0 right
132 169.347839344 26.2971427805 -1 90.0 120.0 3.0 6.5 90.0 120.0 False 4.0 180.0 120.0 2.25 3.0 left
133 153.992403499 267.402997691 -1 90.0 120.0 3.0 6.5 90.0 120.0 True 4.0 180.0 120.0 2.0 3.0 right
134 186.7206058 122.951814797 1 90.0 120.0 3.0 6.5 90.0 120.0 False 4.0 180.0 120.0 2.5 3.0 left
135 334.376136589 283.739909872 1 90.0 120.0 3.0 6.5 90.0 120.0 False 4.0 180.0 120.0 3.5 3.0 right
136 254.70487996 280.584257088 -1 90.0 120.0 3.0 6.5 90.0 120.0 True 4.0 180.0 120.0 2.25 3.0 right
137 229.977572122 337.285015592 -1 90.0 120.0 3.0 6.5 90.0 120.0 False 4.0 180.0 120.0 2.75 3.0 right
138 54.3775942456 53.4311640374 1 90.0 120.0 3.0 6.5 90.0 120.0 True 4.0 180.0 120.0 3.5 3.0 left
139 45.007329289 270.710122923 1 90.0 120.0 3.0 6.5 90.0 120.0 False 4.0 180.0 120.0 1.75 3.0 left
140 73.5191134946 271.058429124 -1 90.0 120.0 3.0 6.5 90.0 120.0 False 4.0 180.0 120.0 3.0 3.0 right
141 221.101916643 126.288000922 1 90.0 120.0 3.0 6.5 90.0 120.0 True 4.0 180.0 120.0 2.75 3.0 right
142 176.145932711 26.8251307215 -1 90.0 120.0 3.0 6.5 90.0 120.0 False 4.0 180.0 120.0 2.0 3.0 left
143 255.894413554 0.424383301123 1 90.0 120.0 3.0 6.5 90.0 120.0 True 4.0 180.0 120.0 1.0 3.0 right
144 280.183760979 122.359667722 1 90.0 120.0 3.0 6.5 90.0 120.0 False 4.0 180.0 120.0 1.5 3.0 left
